#     charge   sigma   epsilon
#BRD3
N1    0.130500 3.25000 0.711280
H1    0.208300 1.06908 0.065689
H2    0.208300 1.06908 0.065689
H3    0.208300 1.06908 0.065689
C1   -0.022300 3.39967 0.457730
H4    0.124200 1.95998 0.065689
C2    0.011800 3.39967 0.457730
H5    0.022600 2.64953 0.065689
H6    0.022600 2.64953 0.065689
C3    0.023600 3.39967 0.457730
H7    0.030900 2.64953 0.065689
H8    0.030900 2.64953 0.065689
C4    0.093500 3.39967 0.457730
H9    0.052700 2.47135 0.065689
H10   0.052700 2.47135 0.065689
N2   -0.565000 3.25000 0.711280
H11   0.359200 1.06908 0.065689
C5    0.828100 3.39967 0.359824
N3   -0.869300 3.25000 0.711280
H12   0.449400 1.06908 0.065689
H13   0.449400 1.06908 0.065689
N4   -0.869300 3.25000 0.711280
H14   0.449400 1.06908 0.065689
H15   0.449400 1.06908 0.065689
C6    0.721400 3.39967 0.359824
O1   -0.601300 2.95992 0.878640
N5   -0.347900 3.25000 0.711280
H16   0.274700 1.06908 0.065689
C7   -0.240000 3.39967 0.457730
H17   0.142600 2.47135 0.065689
C8   -0.009400 3.39967 0.457730
H18   0.036200 2.64953 0.065689
H19   0.036200 2.64953 0.065689
C9    0.018700 3.39967 0.457730
H20   0.010300 2.64953 0.065689
H21   0.010300 2.64953 0.065689
C10  -0.047900 3.39967 0.457730
H22   0.062100 2.64953 0.065689
H23   0.062100 2.64953 0.065689
C11  -0.014300 3.39967 0.457730
H24   0.113500 1.95998 0.065689
H25   0.113500 1.95998 0.065689
N6   -0.385400 3.25000 0.711280
H26   0.340000 1.06908 0.065689
H27   0.340000 1.06908 0.065689
H28   0.340000 1.06908 0.065689
C12   0.734100 3.39967 0.359824
O2   -0.589400 2.95992 0.878640
N7   -0.415700 3.25000 0.711280
H29   0.271900 1.06908 0.065689
C13  -0.038900 3.39967 0.457730
H30   0.100700 2.47135 0.065689
C14   0.365400 3.39967 0.457730
H31   0.004300 2.47135 0.065689
C15  -0.243800 3.39967 0.457730
H32   0.064200 2.64953 0.065689
H33   0.064200 2.64953 0.065689
H34   0.064200 2.64953 0.065689
O3   -0.676100 3.06647 0.880314
H35   0.410200 0.00000 0.000000
C16   0.597300 3.39967 0.359824
O4   -0.567900 2.95992 0.878640
N8   -0.415700 3.25000 0.711280
H36   0.271900 1.06908 0.065689
C17   0.014300 3.39967 0.457730
H37   0.104800 2.47135 0.065689
C18  -0.204100 3.39967 0.457730
H38   0.079700 2.64953 0.065689
H39   0.079700 2.64953 0.065689
C19   0.713000 3.39967 0.359824
O5   -0.593100 2.95992 0.878640
N9   -0.919100 3.25000 0.711280
H40   0.419600 1.06908 0.065689
H41   0.419600 1.06908 0.065689
C20   0.597300 3.39967 0.359824
O6   -0.567900 2.95992 0.878640
N10  -0.415700 3.25000 0.711280
H42   0.271900 1.06908 0.065689
C21  -0.003100 3.39967 0.457730
H43   0.085000 2.47135 0.065689
C22  -0.003600 3.39967 0.457730
H44   0.017100 2.64953 0.065689
H45   0.017100 2.64953 0.065689
C23  -0.064500 3.39967 0.457730
H46   0.035200 2.64953 0.065689
H47   0.035200 2.64953 0.065689
C24   0.695100 3.39967 0.359824
O7   -0.608600 2.95992 0.878640
N11  -0.940700 3.25000 0.711280
H48   0.425100 1.06908 0.065689
H49   0.425100 1.06908 0.065689
C25   0.597300 3.39967 0.359824
O8   -0.567900 2.95992 0.878640
N12  -0.415700 3.25000 0.711280
H50   0.271900 1.06908 0.065689
C26  -0.051800 3.39967 0.457730
H51   0.092200 2.47135 0.065689
C27  -0.110200 3.39967 0.457730
H52   0.045700 2.64953 0.065689
H53   0.045700 2.64953 0.065689
C28   0.353100 3.39967 0.457730
H54  -0.036100 2.64953 0.065689
C29  -0.412100 3.39967 0.457730
H55   0.100000 2.64953 0.065689
H56   0.100000 2.64953 0.065689
H57   0.100000 2.64953 0.065689
C30  -0.412100 3.39967 0.457730
H58   0.100000 2.64953 0.065689
H59   0.100000 2.64953 0.065689
H60   0.100000 2.64953 0.065689
C31   0.597300 3.39967 0.359824
O9   -0.567900 2.95992 0.878640
N13  -0.415700 3.25000 0.711280
H61   0.271900 1.06908 0.065689
C32  -0.003100 3.39967 0.457730
H62   0.085000 2.47135 0.065689
C33  -0.003600 3.39967 0.457730
H63   0.017100 2.64953 0.065689
H64   0.017100 2.64953 0.065689
C34  -0.064500 3.39967 0.457730
H65   0.035200 2.64953 0.065689
H66   0.035200 2.64953 0.065689
C35   0.695100 3.39967 0.359824
O10  -0.608600 2.95992 0.878640
N14  -0.940700 3.25000 0.711280
H67   0.425100 1.06908 0.065689
H68   0.425100 1.06908 0.065689
C36   0.597300 3.39967 0.359824
O11  -0.567900 2.95992 0.878640
N15  -0.415700 3.25000 0.711280
H69   0.271900 1.06908 0.065689
C37  -0.001400 3.39967 0.457730
H70   0.087600 2.47135 0.065689
C38  -0.015200 3.39967 0.457730
H71   0.029500 2.64953 0.065689
H72   0.029500 2.64953 0.065689
C39  -0.001100 3.39967 0.359824
C40  -0.190600 3.39967 0.359824
H73   0.169900 2.59964 0.062760
C41  -0.234100 3.39967 0.359824
H74   0.165600 2.59964 0.062760
C42   0.322600 3.39967 0.359824
O12  -0.557900 3.06647 0.880314
H75   0.399200 0.00000 0.000000
C43  -0.234100 3.39967 0.359824
H76   0.165600 2.59964 0.062760
C44  -0.190600 3.39967 0.359824
H77   0.169900 2.59964 0.062760
C45   0.597300 3.39967 0.359824
O13  -0.567900 2.95992 0.878640
N16  -0.415700 3.25000 0.711280
H78   0.271900 1.06908 0.065689
C46  -0.023700 3.39967 0.457730
H79   0.088000 2.47135 0.065689
C47   0.034200 3.39967 0.457730
H80   0.024100 2.64953 0.065689
H81   0.024100 2.64953 0.065689
C48   0.001800 3.39967 0.457730
H82   0.044000 2.47135 0.065689
H83   0.044000 2.47135 0.065689
S1   -0.273700 3.56359 1.046000
C49  -0.053600 3.39967 0.457730
H84   0.068400 2.47135 0.065689
H85   0.068400 2.47135 0.065689
H86   0.068400 2.47135 0.065689
C50   0.597300 3.39967 0.359824
O14  -0.567900 2.95992 0.878640
N17  -0.415700 3.25000 0.711280
H87   0.271900 1.06908 0.065689
C51  -0.003100 3.39967 0.457730
H88   0.085000 2.47135 0.065689
C52  -0.003600 3.39967 0.457730
H89   0.017100 2.64953 0.065689
H90   0.017100 2.64953 0.065689
C53  -0.064500 3.39967 0.457730
H91   0.035200 2.64953 0.065689
H92   0.035200 2.64953 0.065689
C54   0.695100 3.39967 0.359824
O15  -0.608600 2.95992 0.878640
N18  -0.940700 3.25000 0.711280
H93   0.425100 1.06908 0.065689
H94   0.425100 1.06908 0.065689
C55   0.597300 3.39967 0.359824
O16  -0.567900 2.95992 0.878640
N19  -0.415700 3.25000 0.711280
H95   0.271900 1.06908 0.065689
C56   0.014300 3.39967 0.457730
H96   0.104800 2.47135 0.065689
C57  -0.204100 3.39967 0.457730
H97   0.079700 2.64953 0.065689
H98   0.079700 2.64953 0.065689
C58   0.713000 3.39967 0.359824
O17  -0.593100 2.95992 0.878640
N20  -0.919100 3.25000 0.711280
H99   0.419600 1.06908 0.065689
H100  0.419600 1.06908 0.065689
C59   0.597300 3.39967 0.359824
O18  -0.567900 2.95992 0.878640
N21  -0.415700 3.25000 0.711280
H101  0.271900 1.06908 0.065689
C60  -0.087500 3.39967 0.457730
H102  0.096900 2.47135 0.065689
C61   0.298500 3.39967 0.457730
H103 -0.029700 2.64953 0.065689
C62  -0.319200 3.39967 0.457730
H104  0.079100 2.64953 0.065689
H105  0.079100 2.64953 0.065689
H106  0.079100 2.64953 0.065689
C63  -0.319200 3.39967 0.457730
H107  0.079100 2.64953 0.065689
H108  0.079100 2.64953 0.065689
H109  0.079100 2.64953 0.065689
C64   0.597300 3.39967 0.359824
O19  -0.567900 2.95992 0.878640
N22  -0.415700 3.25000 0.711280
H110  0.271900 1.06908 0.065689
C65  -0.087500 3.39967 0.457730
H111  0.096900 2.47135 0.065689
C66   0.298500 3.39967 0.457730
H112 -0.029700 2.64953 0.065689
C67  -0.319200 3.39967 0.457730
H113  0.079100 2.64953 0.065689
H114  0.079100 2.64953 0.065689
H115  0.079100 2.64953 0.065689
C68  -0.319200 3.39967 0.457730
H116  0.079100 2.64953 0.065689
H117  0.079100 2.64953 0.065689
H118  0.079100 2.64953 0.065689
C69   0.597300 3.39967 0.359824
O20  -0.567900 2.95992 0.878640
N23  -0.415700 3.25000 0.711280
H119  0.271900 1.06908 0.065689
C70  -0.087500 3.39967 0.457730
H120  0.096900 2.47135 0.065689
C71   0.298500 3.39967 0.457730
H121 -0.029700 2.64953 0.065689
C72  -0.319200 3.39967 0.457730
H122  0.079100 2.64953 0.065689
H123  0.079100 2.64953 0.065689
H124  0.079100 2.64953 0.065689
C73  -0.319200 3.39967 0.457730
H125  0.079100 2.64953 0.065689
H126  0.079100 2.64953 0.065689
H127  0.079100 2.64953 0.065689
C74   0.597300 3.39967 0.359824
O21  -0.567900 2.95992 0.878640
N24  -0.347900 3.25000 0.711280
H128  0.274700 1.06908 0.065689
C75  -0.240000 3.39967 0.457730
H129  0.142600 2.47135 0.065689
C76  -0.009400 3.39967 0.457730
H130  0.036200 2.64953 0.065689
H131  0.036200 2.64953 0.065689
C77   0.018700 3.39967 0.457730
H132  0.010300 2.64953 0.065689
H133  0.010300 2.64953 0.065689
C78  -0.047900 3.39967 0.457730
H134  0.062100 2.64953 0.065689
H135  0.062100 2.64953 0.065689
C79  -0.014300 3.39967 0.457730
H136  0.113500 1.95998 0.065689
H137  0.113500 1.95998 0.065689
N25  -0.385400 3.25000 0.711280
H138  0.340000 1.06908 0.065689
H139  0.340000 1.06908 0.065689
H140  0.340000 1.06908 0.065689
C80   0.734100 3.39967 0.359824
O22  -0.589400 2.95992 0.878640
N26  -0.415700 3.25000 0.711280
H141  0.271900 1.06908 0.065689
C81  -0.038900 3.39967 0.457730
H142  0.100700 2.47135 0.065689
C82   0.365400 3.39967 0.457730
H143  0.004300 2.47135 0.065689
C83  -0.243800 3.39967 0.457730
H144  0.064200 2.64953 0.065689
H145  0.064200 2.64953 0.065689
H146  0.064200 2.64953 0.065689
O23  -0.676100 3.06647 0.880314
H147  0.410200 0.00000 0.000000
C84   0.597300 3.39967 0.359824
O24  -0.567900 2.95992 0.878640
N27  -0.415700 3.25000 0.711280
H148  0.271900 1.06908 0.065689
C85  -0.051800 3.39967 0.457730
H149  0.092200 2.47135 0.065689
C86  -0.110200 3.39967 0.457730
H150  0.045700 2.64953 0.065689
H151  0.045700 2.64953 0.065689
C87   0.353100 3.39967 0.457730
H152 -0.036100 2.64953 0.065689
C88  -0.412100 3.39967 0.457730
H153  0.100000 2.64953 0.065689
H154  0.100000 2.64953 0.065689
H155  0.100000 2.64953 0.065689
C89  -0.412100 3.39967 0.457730
H156  0.100000 2.64953 0.065689
H157  0.100000 2.64953 0.065689
H158  0.100000 2.64953 0.065689
C90   0.597300 3.39967 0.359824
O25  -0.567900 2.95992 0.878640
N28  -0.415700 3.25000 0.711280
H159  0.271900 1.06908 0.065689
C91  -0.027500 3.39967 0.457730
H160  0.112300 2.47135 0.065689
C92  -0.005000 3.39967 0.457730
H161  0.033900 2.64953 0.065689
H162  0.033900 2.64953 0.065689
C93  -0.141500 3.39967 0.359824
C94  -0.163800 3.39967 0.359824
H163  0.206200 2.51055 0.062760
N29  -0.341800 3.25000 0.711280
H164  0.341200 1.06908 0.065689
C95   0.138000 3.39967 0.359824
C96  -0.260100 3.39967 0.359824
H165  0.157200 2.59964 0.062760
C97  -0.113400 3.39967 0.359824
H166  0.141700 2.59964 0.062760
C98  -0.197200 3.39967 0.359824
H167  0.144700 2.59964 0.062760
C99  -0.238700 3.39967 0.359824
H168  0.170000 2.59964 0.062760
C100  0.124300 3.39967 0.359824
C101  0.597300 3.39967 0.359824
O26  -0.567900 2.95992 0.878640
N30  -0.347900 3.25000 0.711280
H169  0.274700 1.06908 0.065689
C102 -0.240000 3.39967 0.457730
H170  0.142600 2.47135 0.065689
C103 -0.009400 3.39967 0.457730
H171  0.036200 2.64953 0.065689
H172  0.036200 2.64953 0.065689
C104  0.018700 3.39967 0.457730
H173  0.010300 2.64953 0.065689
H174  0.010300 2.64953 0.065689
C105 -0.047900 3.39967 0.457730
H175  0.062100 2.64953 0.065689
H176  0.062100 2.64953 0.065689
C106 -0.014300 3.39967 0.457730
H177  0.113500 1.95998 0.065689
H178  0.113500 1.95998 0.065689
N31  -0.385400 3.25000 0.711280
H179  0.340000 1.06908 0.065689
H180  0.340000 1.06908 0.065689
H181  0.340000 1.06908 0.065689
C107  0.734100 3.39967 0.359824
O27  -0.589400 2.95992 0.878640
N32  -0.415700 3.25000 0.711280
H182  0.271900 1.06908 0.065689
C108 -0.058100 3.39967 0.457730
H183  0.136000 2.47135 0.065689
C109 -0.007400 3.39967 0.457730
H184  0.036700 2.64953 0.065689
H185  0.036700 2.64953 0.065689
C110  0.186800 3.39967 0.359824
N33  -0.543200 3.25000 0.711280
C111  0.163500 3.39967 0.359824
H186  0.143500 2.42146 0.062760
N34  -0.279500 3.25000 0.711280
H187  0.333900 1.06908 0.065689
C112 -0.220700 3.39967 0.359824
H188  0.186200 2.51055 0.062760
C113  0.597300 3.39967 0.359824
O28  -0.567900 2.95992 0.878640
N35  -0.415700 3.25000 0.711280
H189  0.271900 1.06908 0.065689
C114 -0.003100 3.39967 0.457730
H190  0.085000 2.47135 0.065689
C115 -0.003600 3.39967 0.457730
H191  0.017100 2.64953 0.065689
H192  0.017100 2.64953 0.065689
C116 -0.064500 3.39967 0.457730
H193  0.035200 2.64953 0.065689
H194  0.035200 2.64953 0.065689
C117  0.695100 3.39967 0.359824
O29  -0.608600 2.95992 0.878640
N36  -0.940700 3.25000 0.711280
H195  0.425100 1.06908 0.065689
H196  0.425100 1.06908 0.065689
C118  0.597300 3.39967 0.359824
O30  -0.567900 2.95992 0.878640
N37  -0.415700 3.25000 0.711280
H197  0.271900 1.06908 0.065689
C119 -0.002400 3.39967 0.457730
H198  0.097800 2.47135 0.065689
C120 -0.034300 3.39967 0.457730
H199  0.029500 2.64953 0.065689
H200  0.029500 2.64953 0.065689
C121  0.011800 3.39967 0.359824
C122 -0.125600 3.39967 0.359824
H201  0.133000 2.59964 0.062760
C123 -0.170400 3.39967 0.359824
H202  0.143000 2.59964 0.062760
C124 -0.107200 3.39967 0.359824
H203  0.129700 2.59964 0.062760
C125 -0.170400 3.39967 0.359824
H204  0.143000 2.59964 0.062760
C126 -0.125600 3.39967 0.359824
H205  0.133000 2.59964 0.062760
C127  0.597300 3.39967 0.359824
O31  -0.567900 2.95992 0.878640
N38  -0.415700 3.25000 0.711280
H206  0.271900 1.06908 0.065689
C128  0.033700 3.39967 0.457730
H207  0.082300 2.47135 0.065689
C129 -0.182500 3.39967 0.457730
H208  0.060300 2.64953 0.065689
H209  0.060300 2.64953 0.065689
H210  0.060300 2.64953 0.065689
C130  0.597300 3.39967 0.359824
O32  -0.567900 2.95992 0.878640
N39  -0.415700 3.25000 0.711280
H211  0.271900 1.06908 0.065689
C131 -0.027500 3.39967 0.457730
H212  0.112300 2.47135 0.065689
C132 -0.005000 3.39967 0.457730
H213  0.033900 2.64953 0.065689
H214  0.033900 2.64953 0.065689
C133 -0.141500 3.39967 0.359824
C134 -0.163800 3.39967 0.359824
H215  0.206200 2.51055 0.062760
N40  -0.341800 3.25000 0.711280
H216  0.341200 1.06908 0.065689
C135  0.138000 3.39967 0.359824
C136 -0.260100 3.39967 0.359824
H217  0.157200 2.59964 0.062760
C137 -0.113400 3.39967 0.359824
H218  0.141700 2.59964 0.062760
C138 -0.197200 3.39967 0.359824
H219  0.144700 2.59964 0.062760
C139 -0.238700 3.39967 0.359824
H220  0.170000 2.59964 0.062760
C140  0.124300 3.39967 0.359824
C141  0.597300 3.39967 0.359824
O33  -0.567900 2.95992 0.878640
N41  -0.254800 3.25000 0.711280
C142  0.019200 3.39967 0.457730
H221  0.039100 2.47135 0.065689
H222  0.039100 2.47135 0.065689
C143  0.018900 3.39967 0.457730
H223  0.021300 2.64953 0.065689
H224  0.021300 2.64953 0.065689
C144 -0.007000 3.39967 0.457730
H225  0.025300 2.64953 0.065689
H226  0.025300 2.64953 0.065689
C145 -0.026600 3.39967 0.457730
H227  0.064100 2.47135 0.065689
C146  0.589600 3.39967 0.359824
O34  -0.574800 2.95992 0.878640
N42  -0.415700 3.25000 0.711280
H228  0.271900 1.06908 0.065689
C147 -0.002400 3.39967 0.457730
H229  0.097800 2.47135 0.065689
C148 -0.034300 3.39967 0.457730
H230  0.029500 2.64953 0.065689
H231  0.029500 2.64953 0.065689
C149  0.011800 3.39967 0.359824
C150 -0.125600 3.39967 0.359824
H232  0.133000 2.59964 0.062760
C151 -0.170400 3.39967 0.359824
H233  0.143000 2.59964 0.062760
C152 -0.107200 3.39967 0.359824
H234  0.129700 2.59964 0.062760
C153 -0.170400 3.39967 0.359824
H235  0.143000 2.59964 0.062760
C154 -0.125600 3.39967 0.359824
H236  0.133000 2.59964 0.062760
C155  0.597300 3.39967 0.359824
O35  -0.567900 2.95992 0.878640
N43  -0.415700 3.25000 0.711280
H237  0.271900 1.06908 0.065689
C156 -0.001400 3.39967 0.457730
H238  0.087600 2.47135 0.065689
C157 -0.015200 3.39967 0.457730
H239  0.029500 2.64953 0.065689
H240  0.029500 2.64953 0.065689
C158 -0.001100 3.39967 0.359824
C159 -0.190600 3.39967 0.359824
H241  0.169900 2.59964 0.062760
C160 -0.234100 3.39967 0.359824
H242  0.165600 2.59964 0.062760
C161  0.322600 3.39967 0.359824
O36  -0.557900 3.06647 0.880314
H243  0.399200 0.00000 0.000000
C162 -0.234100 3.39967 0.359824
H244  0.165600 2.59964 0.062760
C163 -0.190600 3.39967 0.359824
H245  0.169900 2.59964 0.062760
C164  0.597300 3.39967 0.359824
O37  -0.567900 2.95992 0.878640
N44  -0.415700 3.25000 0.711280
H246  0.271900 1.06908 0.065689
C165 -0.003100 3.39967 0.457730
H247  0.085000 2.47135 0.065689
C166 -0.003600 3.39967 0.457730
H248  0.017100 2.64953 0.065689
H249  0.017100 2.64953 0.065689
C167 -0.064500 3.39967 0.457730
H250  0.035200 2.64953 0.065689
H251  0.035200 2.64953 0.065689
C168  0.695100 3.39967 0.359824
O38  -0.608600 2.95992 0.878640
N45  -0.940700 3.25000 0.711280
H252  0.425100 1.06908 0.065689
H253  0.425100 1.06908 0.065689
C169  0.597300 3.39967 0.359824
O39  -0.567900 2.95992 0.878640
N46  -0.254800 3.25000 0.711280
C170  0.019200 3.39967 0.457730
H254  0.039100 2.47135 0.065689
H255  0.039100 2.47135 0.065689
C171  0.018900 3.39967 0.457730
H256  0.021300 2.64953 0.065689
H257  0.021300 2.64953 0.065689
C172 -0.007000 3.39967 0.457730
H258  0.025300 2.64953 0.065689
H259  0.025300 2.64953 0.065689
C173 -0.026600 3.39967 0.457730
H260  0.064100 2.47135 0.065689
C174  0.589600 3.39967 0.359824
O40  -0.574800 2.95992 0.878640
N47  -0.415700 3.25000 0.711280
H261  0.271900 1.06908 0.065689
C175 -0.087500 3.39967 0.457730
H262  0.096900 2.47135 0.065689
C176  0.298500 3.39967 0.457730
H263 -0.029700 2.64953 0.065689
C177 -0.319200 3.39967 0.457730
H264  0.079100 2.64953 0.065689
H265  0.079100 2.64953 0.065689
H266  0.079100 2.64953 0.065689
C178 -0.319200 3.39967 0.457730
H267  0.079100 2.64953 0.065689
H268  0.079100 2.64953 0.065689
H269  0.079100 2.64953 0.065689
C179  0.597300 3.39967 0.359824
O41  -0.567900 2.95992 0.878640
N48  -0.516300 3.25000 0.711280
H270  0.293600 1.06908 0.065689
C180  0.038100 3.39967 0.457730
H271  0.088000 2.47135 0.065689
C181 -0.030300 3.39967 0.457730
H272 -0.012200 2.64953 0.065689
H273 -0.012200 2.64953 0.065689
C182  0.799400 3.39967 0.359824
O42  -0.801400 2.95992 0.878640
O43  -0.801400 2.95992 0.878640
C183  0.536600 3.39967 0.359824
O44  -0.581900 2.95992 0.878640
N49  -0.415700 3.25000 0.711280
H274  0.271900 1.06908 0.065689
C184  0.033700 3.39967 0.457730
H275  0.082300 2.47135 0.065689
C185 -0.182500 3.39967 0.457730
H276  0.060300 2.64953 0.065689
H277  0.060300 2.64953 0.065689
H278  0.060300 2.64953 0.065689
C186  0.597300 3.39967 0.359824
O45  -0.567900 2.95992 0.878640
N50  -0.415700 3.25000 0.711280
H279  0.271900 1.06908 0.065689
C187 -0.059700 3.39967 0.457730
H280  0.086900 2.47135 0.065689
C188  0.130300 3.39967 0.457730
H281  0.018700 2.64953 0.065689
C189 -0.320400 3.39967 0.457730
H282  0.088200 2.64953 0.065689
H283  0.088200 2.64953 0.065689
H284  0.088200 2.64953 0.065689
C190 -0.043000 3.39967 0.457730
H285  0.023600 2.64953 0.065689
H286  0.023600 2.64953 0.065689
C191 -0.066000 3.39967 0.457730
H287  0.018600 2.64953 0.065689
H288  0.018600 2.64953 0.065689
H289  0.018600 2.64953 0.065689
C192  0.597300 3.39967 0.359824
O46  -0.567900 2.95992 0.878640
N51  -0.347900 3.25000 0.711280
H290  0.274700 1.06908 0.065689
C193 -0.240000 3.39967 0.457730
H291  0.142600 2.47135 0.065689
C194 -0.009400 3.39967 0.457730
H292  0.036200 2.64953 0.065689
H293  0.036200 2.64953 0.065689
C195  0.018700 3.39967 0.457730
H294  0.010300 2.64953 0.065689
H295  0.010300 2.64953 0.065689
C196 -0.047900 3.39967 0.457730
H296  0.062100 2.64953 0.065689
H297  0.062100 2.64953 0.065689
C197 -0.014300 3.39967 0.457730
H298  0.113500 1.95998 0.065689
H299  0.113500 1.95998 0.065689
N52  -0.385400 3.25000 0.711280
H300  0.340000 1.06908 0.065689
H301  0.340000 1.06908 0.065689
H302  0.340000 1.06908 0.065689
C198  0.734100 3.39967 0.359824
O47  -0.589400 2.95992 0.878640
N53  -0.415700 3.25000 0.711280
H303  0.271900 1.06908 0.065689
C199 -0.051800 3.39967 0.457730
H304  0.092200 2.47135 0.065689
C200 -0.110200 3.39967 0.457730
H305  0.045700 2.64953 0.065689
H306  0.045700 2.64953 0.065689
C201  0.353100 3.39967 0.457730
H307 -0.036100 2.64953 0.065689
C202 -0.412100 3.39967 0.457730
H308  0.100000 2.64953 0.065689
H309  0.100000 2.64953 0.065689
H310  0.100000 2.64953 0.065689
C203 -0.412100 3.39967 0.457730
H311  0.100000 2.64953 0.065689
H312  0.100000 2.64953 0.065689
H313  0.100000 2.64953 0.065689
C204  0.597300 3.39967 0.359824
O48  -0.567900 2.95992 0.878640
N54  -0.415700 3.25000 0.711280
H314  0.271900 1.06908 0.065689
C205  0.014300 3.39967 0.457730
H315  0.104800 2.47135 0.065689
C206 -0.204100 3.39967 0.457730
H316  0.079700 2.64953 0.065689
H317  0.079700 2.64953 0.065689
C207  0.713000 3.39967 0.359824
O49  -0.593100 2.95992 0.878640
N55  -0.919100 3.25000 0.711280
H318  0.419600 1.06908 0.065689
H319  0.419600 1.06908 0.065689
C208  0.597300 3.39967 0.359824
O50  -0.567900 2.95992 0.878640
N56  -0.415700 3.25000 0.711280
H320  0.271900 1.06908 0.065689
C209 -0.051800 3.39967 0.457730
H321  0.092200 2.47135 0.065689
C210 -0.110200 3.39967 0.457730
H322  0.045700 2.64953 0.065689
H323  0.045700 2.64953 0.065689
C211  0.353100 3.39967 0.457730
H324 -0.036100 2.64953 0.065689
C212 -0.412100 3.39967 0.457730
H325  0.100000 2.64953 0.065689
H326  0.100000 2.64953 0.065689
H327  0.100000 2.64953 0.065689
C213 -0.412100 3.39967 0.457730
H328  0.100000 2.64953 0.065689
H329  0.100000 2.64953 0.065689
H330  0.100000 2.64953 0.065689
C214  0.597300 3.39967 0.359824
O51  -0.567900 2.95992 0.878640
N57  -0.254800 3.25000 0.711280
C215  0.019200 3.39967 0.457730
H331  0.039100 2.47135 0.065689
H332  0.039100 2.47135 0.065689
C216  0.018900 3.39967 0.457730
H333  0.021300 2.64953 0.065689
H334  0.021300 2.64953 0.065689
C217 -0.007000 3.39967 0.457730
H335  0.025300 2.64953 0.065689
H336  0.025300 2.64953 0.065689
C218 -0.026600 3.39967 0.457730
H337  0.064100 2.47135 0.065689
C219  0.589600 3.39967 0.359824
O52  -0.574800 2.95992 0.878640
N58  -0.516300 3.25000 0.711280
H338  0.293600 1.06908 0.065689
C220  0.038100 3.39967 0.457730
H339  0.088000 2.47135 0.065689
C221 -0.030300 3.39967 0.457730
H340 -0.012200 2.64953 0.065689
H341 -0.012200 2.64953 0.065689
C222  0.799400 3.39967 0.359824
O53  -0.801400 2.95992 0.878640
O54  -0.801400 2.95992 0.878640
C223  0.536600 3.39967 0.359824
O55  -0.581900 2.95992 0.878640
N59  -0.415700 3.25000 0.711280
H342  0.271900 1.06908 0.065689
C224 -0.001400 3.39967 0.457730
H343  0.087600 2.47135 0.065689
C225 -0.015200 3.39967 0.457730
H344  0.029500 2.64953 0.065689
H345  0.029500 2.64953 0.065689
C226 -0.001100 3.39967 0.359824
C227 -0.190600 3.39967 0.359824
H346  0.169900 2.59964 0.062760
C228 -0.234100 3.39967 0.359824
H347  0.165600 2.59964 0.062760
C229  0.322600 3.39967 0.359824
O56  -0.557900 3.06647 0.880314
H348  0.399200 0.00000 0.000000
C230 -0.234100 3.39967 0.359824
H349  0.165600 2.59964 0.062760
C231 -0.190600 3.39967 0.359824
H350  0.169900 2.59964 0.062760
C232  0.597300 3.39967 0.359824
O57  -0.567900 2.95992 0.878640
N60  -0.415700 3.25000 0.711280
H351  0.271900 1.06908 0.065689
C233 -0.058100 3.39967 0.457730
H352  0.136000 2.47135 0.065689
C234 -0.007400 3.39967 0.457730
H353  0.036700 2.64953 0.065689
H354  0.036700 2.64953 0.065689
C235  0.186800 3.39967 0.359824
N61  -0.543200 3.25000 0.711280
C236  0.163500 3.39967 0.359824
H355  0.143500 2.42146 0.062760
N62  -0.279500 3.25000 0.711280
H356  0.333900 1.06908 0.065689
C237 -0.220700 3.39967 0.359824
H357  0.186200 2.51055 0.062760
C238  0.597300 3.39967 0.359824
O58  -0.567900 2.95992 0.878640
N63  -0.347900 3.25000 0.711280
H358  0.274700 1.06908 0.065689
C239 -0.240000 3.39967 0.457730
H359  0.142600 2.47135 0.065689
C240 -0.009400 3.39967 0.457730
H360  0.036200 2.64953 0.065689
H361  0.036200 2.64953 0.065689
C241  0.018700 3.39967 0.457730
H362  0.010300 2.64953 0.065689
H363  0.010300 2.64953 0.065689
C242 -0.047900 3.39967 0.457730
H364  0.062100 2.64953 0.065689
H365  0.062100 2.64953 0.065689
C243 -0.014300 3.39967 0.457730
H366  0.113500 1.95998 0.065689
H367  0.113500 1.95998 0.065689
N64  -0.385400 3.25000 0.711280
H368  0.340000 1.06908 0.065689
H369  0.340000 1.06908 0.065689
H370  0.340000 1.06908 0.065689
C244  0.734100 3.39967 0.359824
O59  -0.589400 2.95992 0.878640
N65  -0.415700 3.25000 0.711280
H371  0.271900 1.06908 0.065689
C245 -0.059700 3.39967 0.457730
H372  0.086900 2.47135 0.065689
C246  0.130300 3.39967 0.457730
H373  0.018700 2.64953 0.065689
C247 -0.320400 3.39967 0.457730
H374  0.088200 2.64953 0.065689
H375  0.088200 2.64953 0.065689
H376  0.088200 2.64953 0.065689
C248 -0.043000 3.39967 0.457730
H377  0.023600 2.64953 0.065689
H378  0.023600 2.64953 0.065689
C249 -0.066000 3.39967 0.457730
H379  0.018600 2.64953 0.065689
H380  0.018600 2.64953 0.065689
H381  0.018600 2.64953 0.065689
C250  0.597300 3.39967 0.359824
O60  -0.567900 2.95992 0.878640
N66  -0.415700 3.25000 0.711280
H382  0.271900 1.06908 0.065689
C251 -0.059700 3.39967 0.457730
H383  0.086900 2.47135 0.065689
C252  0.130300 3.39967 0.457730
H384  0.018700 2.64953 0.065689
C253 -0.320400 3.39967 0.457730
H385  0.088200 2.64953 0.065689
H386  0.088200 2.64953 0.065689
H387  0.088200 2.64953 0.065689
C254 -0.043000 3.39967 0.457730
H388  0.023600 2.64953 0.065689
H389  0.023600 2.64953 0.065689
C255 -0.066000 3.39967 0.457730
H390  0.018600 2.64953 0.065689
H391  0.018600 2.64953 0.065689
H392  0.018600 2.64953 0.065689
C256  0.597300 3.39967 0.359824
O61  -0.567900 2.95992 0.878640
N67  -0.347900 3.25000 0.711280
H393  0.274700 1.06908 0.065689
C257 -0.240000 3.39967 0.457730
H394  0.142600 2.47135 0.065689
C258 -0.009400 3.39967 0.457730
H395  0.036200 2.64953 0.065689
H396  0.036200 2.64953 0.065689
C259  0.018700 3.39967 0.457730
H397  0.010300 2.64953 0.065689
H398  0.010300 2.64953 0.065689
C260 -0.047900 3.39967 0.457730
H399  0.062100 2.64953 0.065689
H400  0.062100 2.64953 0.065689
C261 -0.014300 3.39967 0.457730
H401  0.113500 1.95998 0.065689
H402  0.113500 1.95998 0.065689
N68  -0.385400 3.25000 0.711280
H403  0.340000 1.06908 0.065689
H404  0.340000 1.06908 0.065689
H405  0.340000 1.06908 0.065689
C262  0.734100 3.39967 0.359824
O62  -0.589400 2.95992 0.878640
N69  -0.415700 3.25000 0.711280
H406  0.271900 1.06908 0.065689
C263  0.014300 3.39967 0.457730
H407  0.104800 2.47135 0.065689
C264 -0.204100 3.39967 0.457730
H408  0.079700 2.64953 0.065689
H409  0.079700 2.64953 0.065689
C265  0.713000 3.39967 0.359824
O63  -0.593100 2.95992 0.878640
N70  -0.919100 3.25000 0.711280
H410  0.419600 1.06908 0.065689
H411  0.419600 1.06908 0.065689
C266  0.597300 3.39967 0.359824
O64  -0.567900 2.95992 0.878640
N71  -0.254800 3.25000 0.711280
C267  0.019200 3.39967 0.457730
H412  0.039100 2.47135 0.065689
H413  0.039100 2.47135 0.065689
C268  0.018900 3.39967 0.457730
H414  0.021300 2.64953 0.065689
H415  0.021300 2.64953 0.065689
C269 -0.007000 3.39967 0.457730
H416  0.025300 2.64953 0.065689
H417  0.025300 2.64953 0.065689
C270 -0.026600 3.39967 0.457730
H418  0.064100 2.47135 0.065689
C271  0.589600 3.39967 0.359824
O65  -0.574800 2.95992 0.878640
N72  -0.415700 3.25000 0.711280
H419  0.271900 1.06908 0.065689
C272 -0.023700 3.39967 0.457730
H420  0.088000 2.47135 0.065689
C273  0.034200 3.39967 0.457730
H421  0.024100 2.64953 0.065689
H422  0.024100 2.64953 0.065689
C274  0.001800 3.39967 0.457730
H423  0.044000 2.47135 0.065689
H424  0.044000 2.47135 0.065689
S2   -0.273700 3.56359 1.046000
C275 -0.053600 3.39967 0.457730
H425  0.068400 2.47135 0.065689
H426  0.068400 2.47135 0.065689
H427  0.068400 2.47135 0.065689
C276  0.597300 3.39967 0.359824
O66  -0.567900 2.95992 0.878640
N73  -0.516300 3.25000 0.711280
H428  0.293600 1.06908 0.065689
C277  0.038100 3.39967 0.457730
H429  0.088000 2.47135 0.065689
C278 -0.030300 3.39967 0.457730
H430 -0.012200 2.64953 0.065689
H431 -0.012200 2.64953 0.065689
C279  0.799400 3.39967 0.359824
O67  -0.801400 2.95992 0.878640
O68  -0.801400 2.95992 0.878640
C280  0.536600 3.39967 0.359824
O69  -0.581900 2.95992 0.878640
N74  -0.415700 3.25000 0.711280
H432  0.271900 1.06908 0.065689
C281 -0.023700 3.39967 0.457730
H433  0.088000 2.47135 0.065689
C282  0.034200 3.39967 0.457730
H434  0.024100 2.64953 0.065689
H435  0.024100 2.64953 0.065689
C283  0.001800 3.39967 0.457730
H436  0.044000 2.47135 0.065689
H437  0.044000 2.47135 0.065689
S3   -0.273700 3.56359 1.046000
C284 -0.053600 3.39967 0.457730
H438  0.068400 2.47135 0.065689
H439  0.068400 2.47135 0.065689
H440  0.068400 2.47135 0.065689
C285  0.597300 3.39967 0.359824
O70  -0.567900 2.95992 0.878640
N75  -0.415700 3.25000 0.711280
H441  0.271900 1.06908 0.065689
C286 -0.025200 3.39967 0.457730
H442  0.069800 2.47135 0.065689
H443  0.069800 2.47135 0.065689
C287  0.597300 3.39967 0.359824
O71  -0.567900 2.95992 0.878640
N76  -0.415700 3.25000 0.711280
H444  0.271900 1.06908 0.065689
C288 -0.038900 3.39967 0.457730
H445  0.100700 2.47135 0.065689
C289  0.365400 3.39967 0.457730
H446  0.004300 2.47135 0.065689
C290 -0.243800 3.39967 0.457730
H447  0.064200 2.64953 0.065689
H448  0.064200 2.64953 0.065689
H449  0.064200 2.64953 0.065689
O72  -0.676100 3.06647 0.880314
H450  0.410200 0.00000 0.000000
C291  0.597300 3.39967 0.359824
O73  -0.567900 2.95992 0.878640
N77  -0.415700 3.25000 0.711280
H451  0.271900 1.06908 0.065689
C292 -0.059700 3.39967 0.457730
H452  0.086900 2.47135 0.065689
C293  0.130300 3.39967 0.457730
H453  0.018700 2.64953 0.065689
C294 -0.320400 3.39967 0.457730
H454  0.088200 2.64953 0.065689
H455  0.088200 2.64953 0.065689
H456  0.088200 2.64953 0.065689
C295 -0.043000 3.39967 0.457730
H457  0.023600 2.64953 0.065689
H458  0.023600 2.64953 0.065689
C296 -0.066000 3.39967 0.457730
H459  0.018600 2.64953 0.065689
H460  0.018600 2.64953 0.065689
H461  0.018600 2.64953 0.065689
C297  0.597300 3.39967 0.359824
O74  -0.567900 2.95992 0.878640
N78  -0.347900 3.25000 0.711280
H462  0.274700 1.06908 0.065689
C298 -0.240000 3.39967 0.457730
H463  0.142600 2.47135 0.065689
C299 -0.009400 3.39967 0.457730
H464  0.036200 2.64953 0.065689
H465  0.036200 2.64953 0.065689
C300  0.018700 3.39967 0.457730
H466  0.010300 2.64953 0.065689
H467  0.010300 2.64953 0.065689
C301 -0.047900 3.39967 0.457730
H468  0.062100 2.64953 0.065689
H469  0.062100 2.64953 0.065689
C302 -0.014300 3.39967 0.457730
H470  0.113500 1.95998 0.065689
H471  0.113500 1.95998 0.065689
N79  -0.385400 3.25000 0.711280
H472  0.340000 1.06908 0.065689
H473  0.340000 1.06908 0.065689
H474  0.340000 1.06908 0.065689
C303  0.734100 3.39967 0.359824
O75  -0.589400 2.95992 0.878640
N80  -0.347900 3.25000 0.711280
H475  0.274700 1.06908 0.065689
C304 -0.240000 3.39967 0.457730
H476  0.142600 2.47135 0.065689
C305 -0.009400 3.39967 0.457730
H477  0.036200 2.64953 0.065689
H478  0.036200 2.64953 0.065689
C306  0.018700 3.39967 0.457730
H479  0.010300 2.64953 0.065689
H480  0.010300 2.64953 0.065689
C307 -0.047900 3.39967 0.457730
H481  0.062100 2.64953 0.065689
H482  0.062100 2.64953 0.065689
C308 -0.014300 3.39967 0.457730
H483  0.113500 1.95998 0.065689
H484  0.113500 1.95998 0.065689
N81  -0.385400 3.25000 0.711280
H485  0.340000 1.06908 0.065689
H486  0.340000 1.06908 0.065689
H487  0.340000 1.06908 0.065689
C309  0.734100 3.39967 0.359824
O76  -0.589400 2.95992 0.878640
N82  -0.347900 3.25000 0.711280
H488  0.274700 1.06908 0.065689
C310 -0.263700 3.39967 0.457730
H489  0.156000 2.47135 0.065689
C311 -0.000700 3.39967 0.457730
H490  0.032700 2.64953 0.065689
H491  0.032700 2.64953 0.065689
C312  0.039000 3.39967 0.457730
H492  0.028500 2.64953 0.065689
H493  0.028500 2.64953 0.065689
C313  0.048600 3.39967 0.457730
H494  0.068700 2.47135 0.065689
H495  0.068700 2.47135 0.065689
N83  -0.529500 3.25000 0.711280
H496  0.345600 1.06908 0.065689
C314  0.807600 3.39967 0.359824
N84  -0.862700 3.25000 0.711280
H497  0.447800 1.06908 0.065689
H498  0.447800 1.06908 0.065689
N85  -0.862700 3.25000 0.711280
H499  0.447800 1.06908 0.065689
H500  0.447800 1.06908 0.065689
C315  0.734100 3.39967 0.359824
O77  -0.589400 2.95992 0.878640
N86  -0.415700 3.25000 0.711280
H501  0.271900 1.06908 0.065689
C316 -0.051800 3.39967 0.457730
H502  0.092200 2.47135 0.065689
C317 -0.110200 3.39967 0.457730
H503  0.045700 2.64953 0.065689
H504  0.045700 2.64953 0.065689
C318  0.353100 3.39967 0.457730
H505 -0.036100 2.64953 0.065689
C319 -0.412100 3.39967 0.457730
H506  0.100000 2.64953 0.065689
H507  0.100000 2.64953 0.065689
H508  0.100000 2.64953 0.065689
C320 -0.412100 3.39967 0.457730
H509  0.100000 2.64953 0.065689
H510  0.100000 2.64953 0.065689
H511  0.100000 2.64953 0.065689
C321  0.597300 3.39967 0.359824
O78  -0.567900 2.95992 0.878640
N87  -0.516300 3.25000 0.711280
H512  0.293600 1.06908 0.065689
C322  0.039700 3.39967 0.457730
H513  0.110500 2.47135 0.065689
C323  0.056000 3.39967 0.457730
H514 -0.017300 2.64953 0.065689
H515 -0.017300 2.64953 0.065689
C324  0.013600 3.39967 0.457730
H516 -0.042500 2.64953 0.065689
H517 -0.042500 2.64953 0.065689
C325  0.805400 3.39967 0.359824
O79  -0.818800 2.95992 0.878640
O80  -0.818800 2.95992 0.878640
C326  0.536600 3.39967 0.359824
O81  -0.581900 2.95992 0.878640
N88  -0.415700 3.25000 0.711280
H518  0.271900 1.06908 0.065689
C327  0.014300 3.39967 0.457730
H519  0.104800 2.47135 0.065689
C328 -0.204100 3.39967 0.457730
H520  0.079700 2.64953 0.065689
H521  0.079700 2.64953 0.065689
C329  0.713000 3.39967 0.359824
O82  -0.593100 2.95992 0.878640
N89  -0.919100 3.25000 0.711280
H522  0.419600 1.06908 0.065689
H523  0.419600 1.06908 0.065689
C330  0.597300 3.39967 0.359824
O83  -0.567900 2.95992 0.878640
N90  -0.415700 3.25000 0.711280
H524  0.271900 1.06908 0.065689
C331  0.014300 3.39967 0.457730
H525  0.104800 2.47135 0.065689
C332 -0.204100 3.39967 0.457730
H526  0.079700 2.64953 0.065689
H527  0.079700 2.64953 0.065689
C333  0.713000 3.39967 0.359824
O84  -0.593100 2.95992 0.878640
N91  -0.919100 3.25000 0.711280
H528  0.419600 1.06908 0.065689
H529  0.419600 1.06908 0.065689
C334  0.597300 3.39967 0.359824
O85  -0.567900 2.95992 0.878640
N92  -0.415700 3.25000 0.711280
H530  0.271900 1.06908 0.065689
C335 -0.001400 3.39967 0.457730
H531  0.087600 2.47135 0.065689
C336 -0.015200 3.39967 0.457730
H532  0.029500 2.64953 0.065689
H533  0.029500 2.64953 0.065689
C337 -0.001100 3.39967 0.359824
C338 -0.190600 3.39967 0.359824
H534  0.169900 2.59964 0.062760
C339 -0.234100 3.39967 0.359824
H535  0.165600 2.59964 0.062760
C340  0.322600 3.39967 0.359824
O86  -0.557900 3.06647 0.880314
H536  0.399200 0.00000 0.000000
C341 -0.234100 3.39967 0.359824
H537  0.165600 2.59964 0.062760
C342 -0.190600 3.39967 0.359824
H538  0.169900 2.59964 0.062760
C343  0.597300 3.39967 0.359824
O87  -0.567900 2.95992 0.878640
N93  -0.415700 3.25000 0.711280
H539  0.271900 1.06908 0.065689
C344 -0.001400 3.39967 0.457730
H540  0.087600 2.47135 0.065689
C345 -0.015200 3.39967 0.457730
H541  0.029500 2.64953 0.065689
H542  0.029500 2.64953 0.065689
C346 -0.001100 3.39967 0.359824
C347 -0.190600 3.39967 0.359824
H543  0.169900 2.59964 0.062760
C348 -0.234100 3.39967 0.359824
H544  0.165600 2.59964 0.062760
C349  0.322600 3.39967 0.359824
O88  -0.557900 3.06647 0.880314
H545  0.399200 0.00000 0.000000
C350 -0.234100 3.39967 0.359824
H546  0.165600 2.59964 0.062760
C351 -0.190600 3.39967 0.359824
H547  0.169900 2.59964 0.062760
C352  0.597300 3.39967 0.359824
O89  -0.567900 2.95992 0.878640
N94  -0.415700 3.25000 0.711280
H548  0.271900 1.06908 0.065689
C353 -0.027500 3.39967 0.457730
H549  0.112300 2.47135 0.065689
C354 -0.005000 3.39967 0.457730
H550  0.033900 2.64953 0.065689
H551  0.033900 2.64953 0.065689
C355 -0.141500 3.39967 0.359824
C356 -0.163800 3.39967 0.359824
H552  0.206200 2.51055 0.062760
N95  -0.341800 3.25000 0.711280
H553  0.341200 1.06908 0.065689
C357  0.138000 3.39967 0.359824
C358 -0.260100 3.39967 0.359824
H554  0.157200 2.59964 0.062760
C359 -0.113400 3.39967 0.359824
H555  0.141700 2.59964 0.062760
C360 -0.197200 3.39967 0.359824
H556  0.144700 2.59964 0.062760
C361 -0.238700 3.39967 0.359824
H557  0.170000 2.59964 0.062760
C362  0.124300 3.39967 0.359824
C363  0.597300 3.39967 0.359824
O90  -0.567900 2.95992 0.878640
N96  -0.415700 3.25000 0.711280
H558  0.271900 1.06908 0.065689
C364 -0.024900 3.39967 0.457730
H559  0.084300 2.47135 0.065689
C365  0.211700 3.39967 0.457730
H560  0.035200 2.47135 0.065689
H561  0.035200 2.47135 0.065689
O91  -0.654600 3.06647 0.880314
H562  0.427500 0.00000 0.000000
C366  0.597300 3.39967 0.359824
O92  -0.567900 2.95992 0.878640
N97  -0.415700 3.25000 0.711280
H563  0.271900 1.06908 0.065689
C367  0.033700 3.39967 0.457730
H564  0.082300 2.47135 0.065689
C368 -0.182500 3.39967 0.457730
H565  0.060300 2.64953 0.065689
H566  0.060300 2.64953 0.065689
H567  0.060300 2.64953 0.065689
C369  0.597300 3.39967 0.359824
O93  -0.567900 2.95992 0.878640
N98  -0.415700 3.25000 0.711280
H568  0.271900 1.06908 0.065689
C370 -0.024900 3.39967 0.457730
H569  0.084300 2.47135 0.065689
C371  0.211700 3.39967 0.457730
H570  0.035200 2.47135 0.065689
H571  0.035200 2.47135 0.065689
O94  -0.654600 3.06647 0.880314
H572  0.427500 0.00000 0.000000
C372  0.597300 3.39967 0.359824
O95  -0.567900 2.95992 0.878640
N99  -0.516300 3.25000 0.711280
H573  0.293600 1.06908 0.065689
C373  0.039700 3.39967 0.457730
H574  0.110500 2.47135 0.065689
C374  0.056000 3.39967 0.457730
H575 -0.017300 2.64953 0.065689
H576 -0.017300 2.64953 0.065689
C375  0.013600 3.39967 0.457730
H577 -0.042500 2.64953 0.065689
H578 -0.042500 2.64953 0.065689
C376  0.805400 3.39967 0.359824
O96  -0.818800 2.95992 0.878640
O97  -0.818800 2.95992 0.878640
C377  0.536600 3.39967 0.359824
O98  -0.581900 2.95992 0.878640
N100 -0.415700 3.25000 0.711280
H579  0.271900 1.06908 0.065689
C378  0.021300 3.39967 0.457730
H580  0.112400 2.47135 0.065689
C379 -0.123100 3.39967 0.457730
H581  0.111200 2.47135 0.065689
H582  0.111200 2.47135 0.065689
S4   -0.311900 3.56359 1.046000
H583  0.193300 1.06908 0.065689
C380  0.597300 3.39967 0.359824
O99  -0.567900 2.95992 0.878640
N101 -0.415700 3.25000 0.711280
H584  0.271900 1.06908 0.065689
C381 -0.023700 3.39967 0.457730
H585  0.088000 2.47135 0.065689
C382  0.034200 3.39967 0.457730
H586  0.024100 2.64953 0.065689
H587  0.024100 2.64953 0.065689
C383  0.001800 3.39967 0.457730
H588  0.044000 2.47135 0.065689
H589  0.044000 2.47135 0.065689
S5   -0.273700 3.56359 1.046000
C384 -0.053600 3.39967 0.457730
H590  0.068400 2.47135 0.065689
H591  0.068400 2.47135 0.065689
H592  0.068400 2.47135 0.065689
C385  0.597300 3.39967 0.359824
O100 -0.567900 2.95992 0.878640
N102 -0.415700 3.25000 0.711280
H593  0.271900 1.06908 0.065689
C386 -0.003100 3.39967 0.457730
H594  0.085000 2.47135 0.065689
C387 -0.003600 3.39967 0.457730
H595  0.017100 2.64953 0.065689
H596  0.017100 2.64953 0.065689
C388 -0.064500 3.39967 0.457730
H597  0.035200 2.64953 0.065689
H598  0.035200 2.64953 0.065689
C389  0.695100 3.39967 0.359824
O101 -0.608600 2.95992 0.878640
N103 -0.940700 3.25000 0.711280
H599  0.425100 1.06908 0.065689
H600  0.425100 1.06908 0.065689
C390  0.597300 3.39967 0.359824
O102 -0.567900 2.95992 0.878640
N104 -0.516300 3.25000 0.711280
H601  0.293600 1.06908 0.065689
C391  0.038100 3.39967 0.457730
H602  0.088000 2.47135 0.065689
C392 -0.030300 3.39967 0.457730
H603 -0.012200 2.64953 0.065689
H604 -0.012200 2.64953 0.065689
C393  0.799400 3.39967 0.359824
O103 -0.801400 2.95992 0.878640
O104 -0.801400 2.95992 0.878640
C394  0.536600 3.39967 0.359824
O105 -0.581900 2.95992 0.878640
N105 -0.415700 3.25000 0.711280
H605  0.271900 1.06908 0.065689
C395 -0.002400 3.39967 0.457730
H606  0.097800 2.47135 0.065689
C396 -0.034300 3.39967 0.457730
H607  0.029500 2.64953 0.065689
H608  0.029500 2.64953 0.065689
C397  0.011800 3.39967 0.359824
C398 -0.125600 3.39967 0.359824
H609  0.133000 2.59964 0.062760
C399 -0.170400 3.39967 0.359824
H610  0.143000 2.59964 0.062760
C400 -0.107200 3.39967 0.359824
H611  0.129700 2.59964 0.062760
C401 -0.170400 3.39967 0.359824
H612  0.143000 2.59964 0.062760
C402 -0.125600 3.39967 0.359824
H613  0.133000 2.59964 0.062760
C403  0.597300 3.39967 0.359824
O106 -0.567900 2.95992 0.878640
N106 -0.415700 3.25000 0.711280
H614  0.271900 1.06908 0.065689
C404  0.014300 3.39967 0.457730
H615  0.104800 2.47135 0.065689
C405 -0.204100 3.39967 0.457730
H616  0.079700 2.64953 0.065689
H617  0.079700 2.64953 0.065689
C406  0.713000 3.39967 0.359824
O107 -0.593100 2.95992 0.878640
N107 -0.919100 3.25000 0.711280
H618  0.419600 1.06908 0.065689
H619  0.419600 1.06908 0.065689
C407  0.597300 3.39967 0.359824
O108 -0.567900 2.95992 0.878640
N108 -0.415700 3.25000 0.711280
H620  0.271900 1.06908 0.065689
C408 -0.038900 3.39967 0.457730
H621  0.100700 2.47135 0.065689
C409  0.365400 3.39967 0.457730
H622  0.004300 2.47135 0.065689
C410 -0.243800 3.39967 0.457730
H623  0.064200 2.64953 0.065689
H624  0.064200 2.64953 0.065689
H625  0.064200 2.64953 0.065689
O109 -0.676100 3.06647 0.880314
H626  0.410200 0.00000 0.000000
C411  0.597300 3.39967 0.359824
O110 -0.567900 2.95992 0.878640
N109 -0.415700 3.25000 0.711280
H627  0.271900 1.06908 0.065689
C412 -0.023700 3.39967 0.457730
H628  0.088000 2.47135 0.065689
C413  0.034200 3.39967 0.457730
H629  0.024100 2.64953 0.065689
H630  0.024100 2.64953 0.065689
C414  0.001800 3.39967 0.457730
H631  0.044000 2.47135 0.065689
H632  0.044000 2.47135 0.065689
S6   -0.273700 3.56359 1.046000
C415 -0.053600 3.39967 0.457730
H633  0.068400 2.47135 0.065689
H634  0.068400 2.47135 0.065689
H635  0.068400 2.47135 0.065689
C416  0.597300 3.39967 0.359824
O111 -0.567900 2.95992 0.878640
N110 -0.415700 3.25000 0.711280
H636  0.271900 1.06908 0.065689
C417 -0.002400 3.39967 0.457730
H637  0.097800 2.47135 0.065689
C418 -0.034300 3.39967 0.457730
H638  0.029500 2.64953 0.065689
H639  0.029500 2.64953 0.065689
C419  0.011800 3.39967 0.359824
C420 -0.125600 3.39967 0.359824
H640  0.133000 2.59964 0.062760
C421 -0.170400 3.39967 0.359824
H641  0.143000 2.59964 0.062760
C422 -0.107200 3.39967 0.359824
H642  0.129700 2.59964 0.062760
C423 -0.170400 3.39967 0.359824
H643  0.143000 2.59964 0.062760
C424 -0.125600 3.39967 0.359824
H644  0.133000 2.59964 0.062760
C425  0.597300 3.39967 0.359824
O112 -0.567900 2.95992 0.878640
N111 -0.415700 3.25000 0.711280
H645  0.271900 1.06908 0.065689
C426 -0.038900 3.39967 0.457730
H646  0.100700 2.47135 0.065689
C427  0.365400 3.39967 0.457730
H647  0.004300 2.47135 0.065689
C428 -0.243800 3.39967 0.457730
H648  0.064200 2.64953 0.065689
H649  0.064200 2.64953 0.065689
H650  0.064200 2.64953 0.065689
O113 -0.676100 3.06647 0.880314
H651  0.410200 0.00000 0.000000
C429  0.597300 3.39967 0.359824
O114 -0.567900 2.95992 0.878640
N112 -0.415700 3.25000 0.711280
H652  0.271900 1.06908 0.065689
C430  0.014300 3.39967 0.457730
H653  0.104800 2.47135 0.065689
C431 -0.204100 3.39967 0.457730
H654  0.079700 2.64953 0.065689
H655  0.079700 2.64953 0.065689
C432  0.713000 3.39967 0.359824
O115 -0.593100 2.95992 0.878640
N113 -0.919100 3.25000 0.711280
H656  0.419600 1.06908 0.065689
H657  0.419600 1.06908 0.065689
C433  0.597300 3.39967 0.359824
O116 -0.567900 2.95992 0.878640
N114 -0.415700 3.25000 0.711280
H658  0.271900 1.06908 0.065689
C434  0.021300 3.39967 0.457730
H659  0.112400 2.47135 0.065689
C435 -0.123100 3.39967 0.457730
H660  0.111200 2.47135 0.065689
H661  0.111200 2.47135 0.065689
S7   -0.311900 3.56359 1.046000
H662  0.193300 1.06908 0.065689
C436  0.597300 3.39967 0.359824
O117 -0.567900 2.95992 0.878640
N115 -0.415700 3.25000 0.711280
H663  0.271900 1.06908 0.065689
C437 -0.001400 3.39967 0.457730
H664  0.087600 2.47135 0.065689
C438 -0.015200 3.39967 0.457730
H665  0.029500 2.64953 0.065689
H666  0.029500 2.64953 0.065689
C439 -0.001100 3.39967 0.359824
C440 -0.190600 3.39967 0.359824
H667  0.169900 2.59964 0.062760
C441 -0.234100 3.39967 0.359824
H668  0.165600 2.59964 0.062760
C442  0.322600 3.39967 0.359824
O118 -0.557900 3.06647 0.880314
H669  0.399200 0.00000 0.000000
C443 -0.234100 3.39967 0.359824
H670  0.165600 2.59964 0.062760
C444 -0.190600 3.39967 0.359824
H671  0.169900 2.59964 0.062760
C445  0.597300 3.39967 0.359824
O119 -0.567900 2.95992 0.878640
N116 -0.415700 3.25000 0.711280
H672  0.271900 1.06908 0.065689
C446 -0.059700 3.39967 0.457730
H673  0.086900 2.47135 0.065689
C447  0.130300 3.39967 0.457730
H674  0.018700 2.64953 0.065689
C448 -0.320400 3.39967 0.457730
H675  0.088200 2.64953 0.065689
H676  0.088200 2.64953 0.065689
H677  0.088200 2.64953 0.065689
C449 -0.043000 3.39967 0.457730
H678  0.023600 2.64953 0.065689
H679  0.023600 2.64953 0.065689
C450 -0.066000 3.39967 0.457730
H680  0.018600 2.64953 0.065689
H681  0.018600 2.64953 0.065689
H682  0.018600 2.64953 0.065689
C451  0.597300 3.39967 0.359824
O120 -0.567900 2.95992 0.878640
N117 -0.415700 3.25000 0.711280
H683  0.271900 1.06908 0.065689
C452 -0.001400 3.39967 0.457730
H684  0.087600 2.47135 0.065689
C453 -0.015200 3.39967 0.457730
H685  0.029500 2.64953 0.065689
H686  0.029500 2.64953 0.065689
C454 -0.001100 3.39967 0.359824
C455 -0.190600 3.39967 0.359824
H687  0.169900 2.59964 0.062760
C456 -0.234100 3.39967 0.359824
H688  0.165600 2.59964 0.062760
C457  0.322600 3.39967 0.359824
O121 -0.557900 3.06647 0.880314
H689  0.399200 0.00000 0.000000
C458 -0.234100 3.39967 0.359824
H690  0.165600 2.59964 0.062760
C459 -0.190600 3.39967 0.359824
H691  0.169900 2.59964 0.062760
C460  0.597300 3.39967 0.359824
O122 -0.567900 2.95992 0.878640
N118 -0.415700 3.25000 0.711280
H692  0.271900 1.06908 0.065689
C461  0.014300 3.39967 0.457730
H693  0.104800 2.47135 0.065689
C462 -0.204100 3.39967 0.457730
H694  0.079700 2.64953 0.065689
H695  0.079700 2.64953 0.065689
C463  0.713000 3.39967 0.359824
O123 -0.593100 2.95992 0.878640
N119 -0.919100 3.25000 0.711280
H696  0.419600 1.06908 0.065689
H697  0.419600 1.06908 0.065689
C464  0.597300 3.39967 0.359824
O124 -0.567900 2.95992 0.878640
N120 -0.347900 3.25000 0.711280
H698  0.274700 1.06908 0.065689
C465 -0.240000 3.39967 0.457730
H699  0.142600 2.47135 0.065689
C466 -0.009400 3.39967 0.457730
H700  0.036200 2.64953 0.065689
H701  0.036200 2.64953 0.065689
C467  0.018700 3.39967 0.457730
H702  0.010300 2.64953 0.065689
H703  0.010300 2.64953 0.065689
C468 -0.047900 3.39967 0.457730
H704  0.062100 2.64953 0.065689
H705  0.062100 2.64953 0.065689
C469 -0.014300 3.39967 0.457730
H706  0.113500 1.95998 0.065689
H707  0.113500 1.95998 0.065689
N121 -0.385400 3.25000 0.711280
H708  0.340000 1.06908 0.065689
H709  0.340000 1.06908 0.065689
H710  0.340000 1.06908 0.065689
C470  0.734100 3.39967 0.359824
O125 -0.589400 2.95992 0.878640
N122 -0.254800 3.25000 0.711280
C471  0.019200 3.39967 0.457730
H711  0.039100 2.47135 0.065689
H712  0.039100 2.47135 0.065689
C472  0.018900 3.39967 0.457730
H713  0.021300 2.64953 0.065689
H714  0.021300 2.64953 0.065689
C473 -0.007000 3.39967 0.457730
H715  0.025300 2.64953 0.065689
H716  0.025300 2.64953 0.065689
C474 -0.026600 3.39967 0.457730
H717  0.064100 2.47135 0.065689
C475  0.589600 3.39967 0.359824
O126 -0.574800 2.95992 0.878640
N123 -0.415700 3.25000 0.711280
H718  0.271900 1.06908 0.065689
C476 -0.038900 3.39967 0.457730
H719  0.100700 2.47135 0.065689
C477  0.365400 3.39967 0.457730
H720  0.004300 2.47135 0.065689
C478 -0.243800 3.39967 0.457730
H721  0.064200 2.64953 0.065689
H722  0.064200 2.64953 0.065689
H723  0.064200 2.64953 0.065689
O127 -0.676100 3.06647 0.880314
H724  0.410200 0.00000 0.000000
C479  0.597300 3.39967 0.359824
O128 -0.567900 2.95992 0.878640
N124 -0.516300 3.25000 0.711280
H725  0.293600 1.06908 0.065689
C480  0.038100 3.39967 0.457730
H726  0.088000 2.47135 0.065689
C481 -0.030300 3.39967 0.457730
H727 -0.012200 2.64953 0.065689
H728 -0.012200 2.64953 0.065689
C482  0.799400 3.39967 0.359824
O129 -0.801400 2.95992 0.878640
O130 -0.801400 2.95992 0.878640
C483  0.536600 3.39967 0.359824
O131 -0.581900 2.95992 0.878640
N125 -0.516300 3.25000 0.711280
H729  0.293600 1.06908 0.065689
C484  0.038100 3.39967 0.457730
H730  0.088000 2.47135 0.065689
C485 -0.030300 3.39967 0.457730
H731 -0.012200 2.64953 0.065689
H732 -0.012200 2.64953 0.065689
C486  0.799400 3.39967 0.359824
O132 -0.801400 2.95992 0.878640
O133 -0.801400 2.95992 0.878640
C487  0.536600 3.39967 0.359824
O134 -0.581900 2.95992 0.878640
N126 -0.415700 3.25000 0.711280
H733  0.271900 1.06908 0.065689
C488 -0.059700 3.39967 0.457730
H734  0.086900 2.47135 0.065689
C489  0.130300 3.39967 0.457730
H735  0.018700 2.64953 0.065689
C490 -0.320400 3.39967 0.457730
H736  0.088200 2.64953 0.065689
H737  0.088200 2.64953 0.065689
H738  0.088200 2.64953 0.065689
C491 -0.043000 3.39967 0.457730
H739  0.023600 2.64953 0.065689
H740  0.023600 2.64953 0.065689
C492 -0.066000 3.39967 0.457730
H741  0.018600 2.64953 0.065689
H742  0.018600 2.64953 0.065689
H743  0.018600 2.64953 0.065689
C493  0.597300 3.39967 0.359824
O135 -0.567900 2.95992 0.878640
N127 -0.415700 3.25000 0.711280
H744  0.271900 1.06908 0.065689
C494 -0.087500 3.39967 0.457730
H745  0.096900 2.47135 0.065689
C495  0.298500 3.39967 0.457730
H746 -0.029700 2.64953 0.065689
C496 -0.319200 3.39967 0.457730
H747  0.079100 2.64953 0.065689
H748  0.079100 2.64953 0.065689
H749  0.079100 2.64953 0.065689
C497 -0.319200 3.39967 0.457730
H750  0.079100 2.64953 0.065689
H751  0.079100 2.64953 0.065689
H752  0.079100 2.64953 0.065689
C498  0.597300 3.39967 0.359824
O136 -0.567900 2.95992 0.878640
N128 -0.415700 3.25000 0.711280
H753  0.271900 1.06908 0.065689
C499 -0.051800 3.39967 0.457730
H754  0.092200 2.47135 0.065689
C500 -0.110200 3.39967 0.457730
H755  0.045700 2.64953 0.065689
H756  0.045700 2.64953 0.065689
C501  0.353100 3.39967 0.457730
H757 -0.036100 2.64953 0.065689
C502 -0.412100 3.39967 0.457730
H758  0.100000 2.64953 0.065689
H759  0.100000 2.64953 0.065689
H760  0.100000 2.64953 0.065689
C503 -0.412100 3.39967 0.457730
H761  0.100000 2.64953 0.065689
H762  0.100000 2.64953 0.065689
H763  0.100000 2.64953 0.065689
C504  0.597300 3.39967 0.359824
O137 -0.567900 2.95992 0.878640
N129 -0.415700 3.25000 0.711280
H764  0.271900 1.06908 0.065689
C505 -0.023700 3.39967 0.457730
H765  0.088000 2.47135 0.065689
C506  0.034200 3.39967 0.457730
H766  0.024100 2.64953 0.065689
H767  0.024100 2.64953 0.065689
C507  0.001800 3.39967 0.457730
H768  0.044000 2.47135 0.065689
H769  0.044000 2.47135 0.065689
S8   -0.273700 3.56359 1.046000
C508 -0.053600 3.39967 0.457730
H770  0.068400 2.47135 0.065689
H771  0.068400 2.47135 0.065689
H772  0.068400 2.47135 0.065689
C509  0.597300 3.39967 0.359824
O138 -0.567900 2.95992 0.878640
N130 -0.415700 3.25000 0.711280
H773  0.271900 1.06908 0.065689
C510  0.033700 3.39967 0.457730
H774  0.082300 2.47135 0.065689
C511 -0.182500 3.39967 0.457730
H775  0.060300 2.64953 0.065689
H776  0.060300 2.64953 0.065689
H777  0.060300 2.64953 0.065689
C512  0.597300 3.39967 0.359824
O139 -0.567900 2.95992 0.878640
N131 -0.415700 3.25000 0.711280
H778  0.271900 1.06908 0.065689
C513 -0.003100 3.39967 0.457730
H779  0.085000 2.47135 0.065689
C514 -0.003600 3.39967 0.457730
H780  0.017100 2.64953 0.065689
H781  0.017100 2.64953 0.065689
C515 -0.064500 3.39967 0.457730
H782  0.035200 2.64953 0.065689
H783  0.035200 2.64953 0.065689
C516  0.695100 3.39967 0.359824
O140 -0.608600 2.95992 0.878640
N132 -0.940700 3.25000 0.711280
H784  0.425100 1.06908 0.065689
H785  0.425100 1.06908 0.065689
C517  0.597300 3.39967 0.359824
O141 -0.567900 2.95992 0.878640
N133 -0.415700 3.25000 0.711280
H786  0.271900 1.06908 0.065689
C518  0.033700 3.39967 0.457730
H787  0.082300 2.47135 0.065689
C519 -0.182500 3.39967 0.457730
H788  0.060300 2.64953 0.065689
H789  0.060300 2.64953 0.065689
H790  0.060300 2.64953 0.065689
C520  0.597300 3.39967 0.359824
O142 -0.567900 2.95992 0.878640
N134 -0.415700 3.25000 0.711280
H791  0.271900 1.06908 0.065689
C521 -0.051800 3.39967 0.457730
H792  0.092200 2.47135 0.065689
C522 -0.110200 3.39967 0.457730
H793  0.045700 2.64953 0.065689
H794  0.045700 2.64953 0.065689
C523  0.353100 3.39967 0.457730
H795 -0.036100 2.64953 0.065689
C524 -0.412100 3.39967 0.457730
H796  0.100000 2.64953 0.065689
H797  0.100000 2.64953 0.065689
H798  0.100000 2.64953 0.065689
C525 -0.412100 3.39967 0.457730
H799  0.100000 2.64953 0.065689
H800  0.100000 2.64953 0.065689
H801  0.100000 2.64953 0.065689
C526  0.597300 3.39967 0.359824
O143 -0.567900 2.95992 0.878640
N135 -0.516300 3.25000 0.711280
H802  0.293600 1.06908 0.065689
C527  0.039700 3.39967 0.457730
H803  0.110500 2.47135 0.065689
C528  0.056000 3.39967 0.457730
H804 -0.017300 2.64953 0.065689
H805 -0.017300 2.64953 0.065689
C529  0.013600 3.39967 0.457730
H806 -0.042500 2.64953 0.065689
H807 -0.042500 2.64953 0.065689
C530  0.805400 3.39967 0.359824
O144 -0.818800 2.95992 0.878640
O145 -0.818800 2.95992 0.878640
C531  0.536600 3.39967 0.359824
O146 -0.581900 2.95992 0.878640
N136 -0.347900 3.25000 0.711280
H808  0.274700 1.06908 0.065689
C532 -0.240000 3.39967 0.457730
H809  0.142600 2.47135 0.065689
C533 -0.009400 3.39967 0.457730
H810  0.036200 2.64953 0.065689
H811  0.036200 2.64953 0.065689
C534  0.018700 3.39967 0.457730
H812  0.010300 2.64953 0.065689
H813  0.010300 2.64953 0.065689
C535 -0.047900 3.39967 0.457730
H814  0.062100 2.64953 0.065689
H815  0.062100 2.64953 0.065689
C536 -0.014300 3.39967 0.457730
H816  0.113500 1.95998 0.065689
H817  0.113500 1.95998 0.065689
N137 -0.385400 3.25000 0.711280
H818  0.340000 1.06908 0.065689
H819  0.340000 1.06908 0.065689
H820  0.340000 1.06908 0.065689
C537  0.734100 3.39967 0.359824
O147 -0.589400 2.95992 0.878640
N138 -0.415700 3.25000 0.711280
H821  0.271900 1.06908 0.065689
C538 -0.059700 3.39967 0.457730
H822  0.086900 2.47135 0.065689
C539  0.130300 3.39967 0.457730
H823  0.018700 2.64953 0.065689
C540 -0.320400 3.39967 0.457730
H824  0.088200 2.64953 0.065689
H825  0.088200 2.64953 0.065689
H826  0.088200 2.64953 0.065689
C541 -0.043000 3.39967 0.457730
H827  0.023600 2.64953 0.065689
H828  0.023600 2.64953 0.065689
C542 -0.066000 3.39967 0.457730
H829  0.018600 2.64953 0.065689
H830  0.018600 2.64953 0.065689
H831  0.018600 2.64953 0.065689
C543  0.597300 3.39967 0.359824
O148 -0.567900 2.95992 0.878640
N139 -0.415700 3.25000 0.711280
H832  0.271900 1.06908 0.065689
C544 -0.002400 3.39967 0.457730
H833  0.097800 2.47135 0.065689
C545 -0.034300 3.39967 0.457730
H834  0.029500 2.64953 0.065689
H835  0.029500 2.64953 0.065689
C546  0.011800 3.39967 0.359824
C547 -0.125600 3.39967 0.359824
H836  0.133000 2.59964 0.062760
C548 -0.170400 3.39967 0.359824
H837  0.143000 2.59964 0.062760
C549 -0.107200 3.39967 0.359824
H838  0.129700 2.59964 0.062760
C550 -0.170400 3.39967 0.359824
H839  0.143000 2.59964 0.062760
C551 -0.125600 3.39967 0.359824
H840  0.133000 2.59964 0.062760
C552  0.597300 3.39967 0.359824
O149 -0.567900 2.95992 0.878640
N140 -0.415700 3.25000 0.711280
H841  0.271900 1.06908 0.065689
C553 -0.051800 3.39967 0.457730
H842  0.092200 2.47135 0.065689
C554 -0.110200 3.39967 0.457730
H843  0.045700 2.64953 0.065689
H844  0.045700 2.64953 0.065689
C555  0.353100 3.39967 0.457730
H845 -0.036100 2.64953 0.065689
C556 -0.412100 3.39967 0.457730
H846  0.100000 2.64953 0.065689
H847  0.100000 2.64953 0.065689
H848  0.100000 2.64953 0.065689
C557 -0.412100 3.39967 0.457730
H849  0.100000 2.64953 0.065689
H850  0.100000 2.64953 0.065689
H851  0.100000 2.64953 0.065689
C558  0.597300 3.39967 0.359824
O150 -0.567900 2.95992 0.878640
N141 -0.415700 3.25000 0.711280
H852  0.271900 1.06908 0.065689
C559 -0.003100 3.39967 0.457730
H853  0.085000 2.47135 0.065689
C560 -0.003600 3.39967 0.457730
H854  0.017100 2.64953 0.065689
H855  0.017100 2.64953 0.065689
C561 -0.064500 3.39967 0.457730
H856  0.035200 2.64953 0.065689
H857  0.035200 2.64953 0.065689
C562  0.695100 3.39967 0.359824
O151 -0.608600 2.95992 0.878640
N142 -0.940700 3.25000 0.711280
H858  0.425100 1.06908 0.065689
H859  0.425100 1.06908 0.065689
C563  0.597300 3.39967 0.359824
O152 -0.567900 2.95992 0.878640
N143 -0.347900 3.25000 0.711280
H860  0.274700 1.06908 0.065689
C564 -0.240000 3.39967 0.457730
H861  0.142600 2.47135 0.065689
C565 -0.009400 3.39967 0.457730
H862  0.036200 2.64953 0.065689
H863  0.036200 2.64953 0.065689
C566  0.018700 3.39967 0.457730
H864  0.010300 2.64953 0.065689
H865  0.010300 2.64953 0.065689
C567 -0.047900 3.39967 0.457730
H866  0.062100 2.64953 0.065689
H867  0.062100 2.64953 0.065689
C568 -0.014300 3.39967 0.457730
H868  0.113500 1.95998 0.065689
H869  0.113500 1.95998 0.065689
N144 -0.385400 3.25000 0.711280
H870  0.340000 1.06908 0.065689
H871  0.340000 1.06908 0.065689
H872  0.340000 1.06908 0.065689
C569  0.734100 3.39967 0.359824
O153 -0.589400 2.95992 0.878640
N145 -0.415700 3.25000 0.711280
H873  0.271900 1.06908 0.065689
C570 -0.087500 3.39967 0.457730
H874  0.096900 2.47135 0.065689
C571  0.298500 3.39967 0.457730
H875 -0.029700 2.64953 0.065689
C572 -0.319200 3.39967 0.457730
H876  0.079100 2.64953 0.065689
H877  0.079100 2.64953 0.065689
H878  0.079100 2.64953 0.065689
C573 -0.319200 3.39967 0.457730
H879  0.079100 2.64953 0.065689
H880  0.079100 2.64953 0.065689
H881  0.079100 2.64953 0.065689
C574  0.597300 3.39967 0.359824
O154 -0.567900 2.95992 0.878640
N146 -0.415700 3.25000 0.711280
H882  0.271900 1.06908 0.065689
C575  0.033700 3.39967 0.457730
H883  0.082300 2.47135 0.065689
C576 -0.182500 3.39967 0.457730
H884  0.060300 2.64953 0.065689
H885  0.060300 2.64953 0.065689
H886  0.060300 2.64953 0.065689
C577  0.597300 3.39967 0.359824
O155 -0.567900 2.95992 0.878640
N147 -0.415700 3.25000 0.711280
H887  0.271900 1.06908 0.065689
C578 -0.003100 3.39967 0.457730
H888  0.085000 2.47135 0.065689
C579 -0.003600 3.39967 0.457730
H889  0.017100 2.64953 0.065689
H890  0.017100 2.64953 0.065689
C580 -0.064500 3.39967 0.457730
H891  0.035200 2.64953 0.065689
H892  0.035200 2.64953 0.065689
C581  0.695100 3.39967 0.359824
O156 -0.608600 2.95992 0.878640
N148 -0.940700 3.25000 0.711280
H893  0.425100 1.06908 0.065689
H894  0.425100 1.06908 0.065689
C582  0.597300 3.39967 0.359824
O157 -0.567900 2.95992 0.878640
N149 -0.415700 3.25000 0.711280
H895  0.271900 1.06908 0.065689
C583 -0.023700 3.39967 0.457730
H896  0.088000 2.47135 0.065689
C584  0.034200 3.39967 0.457730
H897  0.024100 2.64953 0.065689
H898  0.024100 2.64953 0.065689
C585  0.001800 3.39967 0.457730
H899  0.044000 2.47135 0.065689
H900  0.044000 2.47135 0.065689
S9   -0.273700 3.56359 1.046000
C586 -0.053600 3.39967 0.457730
H901  0.068400 2.47135 0.065689
H902  0.068400 2.47135 0.065689
H903  0.068400 2.47135 0.065689
C587  0.597300 3.39967 0.359824
O158 -0.567900 2.95992 0.878640
N150 -0.254800 3.25000 0.711280
C588  0.019200 3.39967 0.457730
H904  0.039100 2.47135 0.065689
H905  0.039100 2.47135 0.065689
C589  0.018900 3.39967 0.457730
H906  0.021300 2.64953 0.065689
H907  0.021300 2.64953 0.065689
C590 -0.007000 3.39967 0.457730
H908  0.025300 2.64953 0.065689
H909  0.025300 2.64953 0.065689
C591 -0.026600 3.39967 0.457730
H910  0.064100 2.47135 0.065689
C592  0.589600 3.39967 0.359824
O159 -0.574800 2.95992 0.878640
N151 -0.415700 3.25000 0.711280
H911  0.271900 1.06908 0.065689
C593 -0.003100 3.39967 0.457730
H912  0.085000 2.47135 0.065689
C594 -0.003600 3.39967 0.457730
H913  0.017100 2.64953 0.065689
H914  0.017100 2.64953 0.065689
C595 -0.064500 3.39967 0.457730
H915  0.035200 2.64953 0.065689
H916  0.035200 2.64953 0.065689
C596  0.695100 3.39967 0.359824
O160 -0.608600 2.95992 0.878640
N152 -0.940700 3.25000 0.711280
H917  0.425100 1.06908 0.065689
H918  0.425100 1.06908 0.065689
C597  0.597300 3.39967 0.359824
O161 -0.567900 2.95992 0.878640
N153 -0.516300 3.25000 0.711280
H919  0.293600 1.06908 0.065689
C598  0.039700 3.39967 0.457730
H920  0.110500 2.47135 0.065689
C599  0.056000 3.39967 0.457730
H921 -0.017300 2.64953 0.065689
H922 -0.017300 2.64953 0.065689
C600  0.013600 3.39967 0.457730
H923 -0.042500 2.64953 0.065689
H924 -0.042500 2.64953 0.065689
C601  0.805400 3.39967 0.359824
O162 -0.818800 2.95992 0.878640
O163 -0.818800 2.95992 0.878640
C602  0.536600 3.39967 0.359824
O164 -0.581900 2.95992 0.878640
N154 -0.519200 3.25000 0.711280
H925  0.305500 1.06908 0.065689
C603 -0.205900 3.39967 0.457730
H926  0.139900 2.47135 0.065689
C604  0.007100 3.39967 0.457730
H927 -0.007800 2.64953 0.065689
H928 -0.007800 2.64953 0.065689
C605  0.067500 3.39967 0.457730
H929 -0.054800 2.64953 0.065689
H930 -0.054800 2.64953 0.065689
C606  0.818300 3.39967 0.359824
O165 -0.822000 2.95992 0.878640
O166 -0.822000 2.95992 0.878640
C607  0.742000 3.39967 0.359824
O167 -0.793000 2.95992 0.878640
O168 -0.793000 2.95992 0.878640
#Cl-
CL   -1.000000 4.47766 0.148913
#Water
OW   -0.834000 3.15075 0.635968
HW1  +0.417000 0.00000 0.000000
HW2  +0.417000 0.00000 0.000000
