#     charge   sigma   epsilon
#Graphene
H     0.062916 2.59964 0.062760
H1    0.054417 2.59964 0.062760
H2    0.054417 2.59964 0.062760
H3    0.062305 2.59964 0.062760
H4    0.062938 2.59964 0.062760
H5    0.062960 2.59964 0.062760
H6    0.062960 2.59964 0.062760
H7    0.062960 2.59964 0.062760
H8    0.062960 2.59964 0.062760
H9    0.062960 2.59964 0.062760
H10   0.062960 2.59964 0.062760
H11   0.062960 2.59964 0.062760
H12   0.062960 2.59964 0.062760
H13   0.062960 2.59964 0.062760
H14   0.062960 2.59964 0.062760
H15   0.062960 2.59964 0.062760
H16   0.062960 2.59964 0.062760
H17   0.062938 2.59964 0.062760
H18   0.062305 2.59964 0.062760
H19   0.062916 2.59964 0.062760
H20   0.063572 2.59964 0.062760
H21   0.063572 2.59964 0.062760
H22   0.063573 2.59964 0.062760
H23   0.063573 2.59964 0.062760
H24   0.063573 2.59964 0.062760
H25   0.063573 2.59964 0.062760
H26   0.063573 2.59964 0.062760
H27   0.063573 2.59964 0.062760
H28   0.063573 2.59964 0.062760
H29   0.063573 2.59964 0.062760
H30   0.063573 2.59964 0.062760
H31   0.063573 2.59964 0.062760
H32   0.063573 2.59964 0.062760
H33   0.063573 2.59964 0.062760
H34   0.063573 2.59964 0.062760
H35   0.063573 2.59964 0.062760
H36   0.063573 2.59964 0.062760
H37   0.063573 2.59964 0.062760
H38   0.063573 2.59964 0.062760
H39   0.063573 2.59964 0.062760
H40   0.063550 2.59964 0.062760
H41   0.063550 2.59964 0.062760
H42   0.062960 2.59964 0.062760
H43   0.062960 2.59964 0.062760
H44   0.062960 2.59964 0.062760
H45   0.062960 2.59964 0.062760
H46   0.062960 2.59964 0.062760
H47   0.062960 2.59964 0.062760
H48   0.062960 2.59964 0.062760
H49   0.062960 2.59964 0.062760
H50   0.062960 2.59964 0.062760
H51   0.062960 2.59964 0.062760
H52   0.062960 2.59964 0.062760
H53   0.062960 2.59964 0.062760
H54   0.062960 2.59964 0.062760
H55   0.062960 2.59964 0.062760
H56   0.054417 2.59964 0.062760
H57   0.054417 2.59964 0.062760
C    -0.054289 3.39967 0.359824
C1   -0.061004 3.39967 0.359824
C2   -0.053687 3.39967 0.359824
C3   -0.009241 3.39967 0.359824
C4   -0.009176 3.39967 0.359824
C5   -0.053068 3.39967 0.359824
C6   -0.053068 3.39967 0.359824
C7   -0.009175 3.39967 0.359824
C8   -0.009175 3.39967 0.359824
C9   -0.053068 3.39967 0.359824
C10  -0.053068 3.39967 0.359824
C11  -0.009175 3.39967 0.359824
C12  -0.009175 3.39967 0.359824
C13  -0.053068 3.39967 0.359824
C14  -0.053068 3.39967 0.359824
C15  -0.009175 3.39967 0.359824
C16  -0.009175 3.39967 0.359824
C17  -0.053068 3.39967 0.359824
C18  -0.053068 3.39967 0.359824
C19  -0.009175 3.39967 0.359824
C20  -0.009175 3.39967 0.359824
C21  -0.053068 3.39967 0.359824
C22  -0.053068 3.39967 0.359824
C23  -0.009175 3.39967 0.359824
C24  -0.009175 3.39967 0.359824
C25  -0.053068 3.39967 0.359824
C26  -0.053068 3.39967 0.359824
C27  -0.009176 3.39967 0.359824
C28  -0.009241 3.39967 0.359824
C29  -0.053687 3.39967 0.359824
C30  -0.061004 3.39967 0.359824
C31  -0.054289 3.39967 0.359824
C32  -0.046386 3.39967 0.359824
C33  -0.016507 3.39967 0.359824
C34  -0.001943 3.39967 0.359824
C35  -0.000113 3.39967 0.359824
C36  -0.000025 3.39967 0.359824
C37  -0.000693 3.39967 0.359824
C38  -0.000693 3.39967 0.359824
C39  -0.000024 3.39967 0.359824
C40  -0.000024 3.39967 0.359824
C41  -0.000693 3.39967 0.359824
C42  -0.000693 3.39967 0.359824
C43  -0.000024 3.39967 0.359824
C44  -0.000024 3.39967 0.359824
C45  -0.000693 3.39967 0.359824
C46  -0.000693 3.39967 0.359824
C47  -0.000024 3.39967 0.359824
C48  -0.000024 3.39967 0.359824
C49  -0.000693 3.39967 0.359824
C50  -0.000693 3.39967 0.359824
C51  -0.000024 3.39967 0.359824
C52  -0.000024 3.39967 0.359824
C53  -0.000693 3.39967 0.359824
C54  -0.000693 3.39967 0.359824
C55  -0.000024 3.39967 0.359824
C56  -0.000024 3.39967 0.359824
C57  -0.000693 3.39967 0.359824
C58  -0.000693 3.39967 0.359824
C59  -0.000025 3.39967 0.359824
C60  -0.000113 3.39967 0.359824
C61  -0.001943 3.39967 0.359824
C62  -0.016507 3.39967 0.359824
C63  -0.046386 3.39967 0.359824
C64  -0.046364 3.39967 0.359824
C65  -0.015867 3.39967 0.359824
C66  -0.001252 3.39967 0.359824
C67  -0.000089 3.39967 0.359824
C68  -0.000001 3.39967 0.359824
C69  -0.000000 3.39967 0.359824
C70  -0.000000 3.39967 0.359824
C71  -0.000000 3.39967 0.359824
C72  -0.000000 3.39967 0.359824
C73  -0.000000 3.39967 0.359824
C74  -0.000000 3.39967 0.359824
C75  -0.000000 3.39967 0.359824
C76  -0.000000 3.39967 0.359824
C77  -0.000000 3.39967 0.359824
C78  -0.000000 3.39967 0.359824
C79  -0.000000 3.39967 0.359824
C80  -0.000000 3.39967 0.359824
C81  -0.000000 3.39967 0.359824
C82  -0.000000 3.39967 0.359824
C83  -0.000000 3.39967 0.359824
C84  -0.000000 3.39967 0.359824
C85  -0.000000 3.39967 0.359824
C86  -0.000000 3.39967 0.359824
C87  -0.000000 3.39967 0.359824
C88  -0.000000 3.39967 0.359824
C89  -0.000000 3.39967 0.359824
C90  -0.000000 3.39967 0.359824
C91  -0.000001 3.39967 0.359824
C92  -0.000089 3.39967 0.359824
C93  -0.001252 3.39967 0.359824
C94  -0.015867 3.39967 0.359824
C95  -0.046364 3.39967 0.359824
C96  -0.046364 3.39967 0.359824
C97  -0.015867 3.39967 0.359824
C98  -0.001252 3.39967 0.359824
C99  -0.000089 3.39967 0.359824
C100 -0.000001 3.39967 0.359824
C101 -0.000000 3.39967 0.359824
C102 -0.000000 3.39967 0.359824
C103 -0.000000 3.39967 0.359824
C104 -0.000000 3.39967 0.359824
C105 -0.000000 3.39967 0.359824
C106 -0.000000 3.39967 0.359824
C107 -0.000000 3.39967 0.359824
C108 -0.000000 3.39967 0.359824
C109 -0.000000 3.39967 0.359824
C110 -0.000000 3.39967 0.359824
C111 -0.000000 3.39967 0.359824
C112 -0.000000 3.39967 0.359824
C113 -0.000000 3.39967 0.359824
C114 -0.000000 3.39967 0.359824
C115 -0.000000 3.39967 0.359824
C116 -0.000000 3.39967 0.359824
C117 -0.000000 3.39967 0.359824
C118 -0.000000 3.39967 0.359824
C119 -0.000000 3.39967 0.359824
C120 -0.000000 3.39967 0.359824
C121 -0.000000 3.39967 0.359824
C122 -0.000000 3.39967 0.359824
C123 -0.000001 3.39967 0.359824
C124 -0.000089 3.39967 0.359824
C125 -0.001252 3.39967 0.359824
C126 -0.015867 3.39967 0.359824
C127 -0.046364 3.39967 0.359824
C128 -0.046364 3.39967 0.359824
C129 -0.015867 3.39967 0.359824
C130 -0.001252 3.39967 0.359824
C131 -0.000089 3.39967 0.359824
C132 -0.000001 3.39967 0.359824
C133 -0.000000 3.39967 0.359824
C134 -0.000000 3.39967 0.359824
C135 -0.000000 3.39967 0.359824
C136 -0.000000 3.39967 0.359824
C137 -0.000000 3.39967 0.359824
C138 -0.000000 3.39967 0.359824
C139  0.000000 3.39967 0.359824
C140  0.000000 3.39967 0.359824
C141 -0.000000 3.39967 0.359824
C142 -0.000000 3.39967 0.359824
C143  0.000000 3.39967 0.359824
C144  0.000000 3.39967 0.359824
C145 -0.000000 3.39967 0.359824
C146 -0.000000 3.39967 0.359824
C147  0.000000 3.39967 0.359824
C148  0.000000 3.39967 0.359824
C149 -0.000000 3.39967 0.359824
C150 -0.000000 3.39967 0.359824
C151 -0.000000 3.39967 0.359824
C152 -0.000000 3.39967 0.359824
C153 -0.000000 3.39967 0.359824
C154 -0.000000 3.39967 0.359824
C155 -0.000001 3.39967 0.359824
C156 -0.000089 3.39967 0.359824
C157 -0.001252 3.39967 0.359824
C158 -0.015867 3.39967 0.359824
C159 -0.046364 3.39967 0.359824
C160 -0.046364 3.39967 0.359824
C161 -0.015867 3.39967 0.359824
C162 -0.001252 3.39967 0.359824
C163 -0.000089 3.39967 0.359824
C164 -0.000001 3.39967 0.359824
C165 -0.000000 3.39967 0.359824
C166 -0.000000 3.39967 0.359824
C167 -0.000000 3.39967 0.359824
C168 -0.000000 3.39967 0.359824
C169 -0.000000 3.39967 0.359824
C170  0.000000 3.39967 0.359824
C171  0.000000 3.39967 0.359824
C172  0.000000 3.39967 0.359824
C173  0.000000 3.39967 0.359824
C174  0.000000 3.39967 0.359824
C175  0.000000 3.39967 0.359824
C176  0.000000 3.39967 0.359824
C177  0.000000 3.39967 0.359824
C178  0.000000 3.39967 0.359824
C179  0.000000 3.39967 0.359824
C180  0.000000 3.39967 0.359824
C181  0.000000 3.39967 0.359824
C182 -0.000000 3.39967 0.359824
C183 -0.000000 3.39967 0.359824
C184 -0.000000 3.39967 0.359824
C185 -0.000000 3.39967 0.359824
C186 -0.000000 3.39967 0.359824
C187 -0.000001 3.39967 0.359824
C188 -0.000089 3.39967 0.359824
C189 -0.001252 3.39967 0.359824
C190 -0.015867 3.39967 0.359824
C191 -0.046364 3.39967 0.359824
C192 -0.046364 3.39967 0.359824
C193 -0.015867 3.39967 0.359824
C194 -0.001252 3.39967 0.359824
C195 -0.000089 3.39967 0.359824
C196 -0.000001 3.39967 0.359824
C197 -0.000000 3.39967 0.359824
C198 -0.000000 3.39967 0.359824
C199 -0.000000 3.39967 0.359824
C200 -0.000000 3.39967 0.359824
C201 -0.000000 3.39967 0.359824
C202  0.000000 3.39967 0.359824
C203  0.000000 3.39967 0.359824
C204  0.000000 3.39967 0.359824
C205  0.000000 3.39967 0.359824
C206  0.000000 3.39967 0.359824
C207  0.000000 3.39967 0.359824
C208  0.000000 3.39967 0.359824
C209  0.000000 3.39967 0.359824
C210  0.000000 3.39967 0.359824
C211  0.000000 3.39967 0.359824
C212  0.000000 3.39967 0.359824
C213  0.000000 3.39967 0.359824
C214 -0.000000 3.39967 0.359824
C215 -0.000000 3.39967 0.359824
C216 -0.000000 3.39967 0.359824
C217 -0.000000 3.39967 0.359824
C218 -0.000000 3.39967 0.359824
C219 -0.000001 3.39967 0.359824
C220 -0.000089 3.39967 0.359824
C221 -0.001252 3.39967 0.359824
C222 -0.015867 3.39967 0.359824
C223 -0.046364 3.39967 0.359824
C224 -0.046364 3.39967 0.359824
C225 -0.015867 3.39967 0.359824
C226 -0.001252 3.39967 0.359824
C227 -0.000089 3.39967 0.359824
C228 -0.000001 3.39967 0.359824
C229 -0.000000 3.39967 0.359824
C230 -0.000000 3.39967 0.359824
C231 -0.000000 3.39967 0.359824
C232 -0.000000 3.39967 0.359824
C233 -0.000000 3.39967 0.359824
C234  0.000000 3.39967 0.359824
C235  0.000000 3.39967 0.359824
C236  0.000000 3.39967 0.359824
C237  0.000000 3.39967 0.359824
C238  0.000000 3.39967 0.359824
C239  0.000000 3.39967 0.359824
C240  0.000000 3.39967 0.359824
C241  0.000000 3.39967 0.359824
C242  0.000000 3.39967 0.359824
C243  0.000000 3.39967 0.359824
C244  0.000000 3.39967 0.359824
C245  0.000000 3.39967 0.359824
C246 -0.000000 3.39967 0.359824
C247 -0.000000 3.39967 0.359824
C248 -0.000000 3.39967 0.359824
C249 -0.000000 3.39967 0.359824
C250 -0.000000 3.39967 0.359824
C251 -0.000001 3.39967 0.359824
C252 -0.000089 3.39967 0.359824
C253 -0.001252 3.39967 0.359824
C254 -0.015867 3.39967 0.359824
C255 -0.046364 3.39967 0.359824
C256 -0.046364 3.39967 0.359824
C257 -0.015867 3.39967 0.359824
C258 -0.001252 3.39967 0.359824
C259 -0.000089 3.39967 0.359824
C260 -0.000001 3.39967 0.359824
C261 -0.000000 3.39967 0.359824
C262 -0.000000 3.39967 0.359824
C263 -0.000000 3.39967 0.359824
C264 -0.000000 3.39967 0.359824
C265 -0.000000 3.39967 0.359824
C266  0.000000 3.39967 0.359824
C267 -0.000000 3.39967 0.359824
C268 -0.000000 3.39967 0.359824
C269  0.000000 3.39967 0.359824
C270  0.000000 3.39967 0.359824
C271 -0.000000 3.39967 0.359824
C272 -0.000000 3.39967 0.359824
C273  0.000000 3.39967 0.359824
C274  0.000000 3.39967 0.359824
C275 -0.000000 3.39967 0.359824
C276 -0.000000 3.39967 0.359824
C277  0.000000 3.39967 0.359824
C278 -0.000000 3.39967 0.359824
C279 -0.000000 3.39967 0.359824
C280 -0.000000 3.39967 0.359824
C281 -0.000000 3.39967 0.359824
C282 -0.000000 3.39967 0.359824
C283 -0.000001 3.39967 0.359824
C284 -0.000089 3.39967 0.359824
C285 -0.001252 3.39967 0.359824
C286 -0.015867 3.39967 0.359824
C287 -0.046364 3.39967 0.359824
C288 -0.046364 3.39967 0.359824
C289 -0.015867 3.39967 0.359824
C290 -0.001252 3.39967 0.359824
C291 -0.000089 3.39967 0.359824
C292 -0.000001 3.39967 0.359824
C293 -0.000000 3.39967 0.359824
C294 -0.000000 3.39967 0.359824
C295 -0.000000 3.39967 0.359824
C296 -0.000000 3.39967 0.359824
C297 -0.000000 3.39967 0.359824
C298 -0.000000 3.39967 0.359824
C299 -0.000000 3.39967 0.359824
C300 -0.000000 3.39967 0.359824
C301 -0.000000 3.39967 0.359824
C302 -0.000000 3.39967 0.359824
C303 -0.000000 3.39967 0.359824
C304 -0.000000 3.39967 0.359824
C305 -0.000000 3.39967 0.359824
C306 -0.000000 3.39967 0.359824
C307 -0.000000 3.39967 0.359824
C308 -0.000000 3.39967 0.359824
C309 -0.000000 3.39967 0.359824
C310 -0.000000 3.39967 0.359824
C311 -0.000000 3.39967 0.359824
C312 -0.000000 3.39967 0.359824
C313 -0.000000 3.39967 0.359824
C314 -0.000000 3.39967 0.359824
C315 -0.000001 3.39967 0.359824
C316 -0.000089 3.39967 0.359824
C317 -0.001252 3.39967 0.359824
C318 -0.015867 3.39967 0.359824
C319 -0.046364 3.39967 0.359824
C320 -0.046364 3.39967 0.359824
C321 -0.015867 3.39967 0.359824
C322 -0.001252 3.39967 0.359824
C323 -0.000089 3.39967 0.359824
C324 -0.000002 3.39967 0.359824
C325 -0.000000 3.39967 0.359824
C326 -0.000000 3.39967 0.359824
C327 -0.000000 3.39967 0.359824
C328 -0.000000 3.39967 0.359824
C329 -0.000000 3.39967 0.359824
C330 -0.000000 3.39967 0.359824
C331 -0.000000 3.39967 0.359824
C332 -0.000000 3.39967 0.359824
C333 -0.000000 3.39967 0.359824
C334 -0.000000 3.39967 0.359824
C335 -0.000000 3.39967 0.359824
C336 -0.000000 3.39967 0.359824
C337 -0.000000 3.39967 0.359824
C338 -0.000000 3.39967 0.359824
C339 -0.000000 3.39967 0.359824
C340 -0.000000 3.39967 0.359824
C341 -0.000000 3.39967 0.359824
C342 -0.000000 3.39967 0.359824
C343 -0.000000 3.39967 0.359824
C344 -0.000000 3.39967 0.359824
C345 -0.000000 3.39967 0.359824
C346 -0.000000 3.39967 0.359824
C347 -0.000002 3.39967 0.359824
C348 -0.000089 3.39967 0.359824
C349 -0.001252 3.39967 0.359824
C350 -0.015867 3.39967 0.359824
C351 -0.046364 3.39967 0.359824
C352 -0.047004 3.39967 0.359824
C353 -0.015889 3.39967 0.359824
C354 -0.001275 3.39967 0.359824
C355 -0.000781 3.39967 0.359824
C356 -0.000694 3.39967 0.359824
C357 -0.000024 3.39967 0.359824
C358 -0.000024 3.39967 0.359824
C359 -0.000693 3.39967 0.359824
C360 -0.000693 3.39967 0.359824
C361 -0.000024 3.39967 0.359824
C362 -0.000024 3.39967 0.359824
C363 -0.000693 3.39967 0.359824
C364 -0.000693 3.39967 0.359824
C365 -0.000024 3.39967 0.359824
C366 -0.000024 3.39967 0.359824
C367 -0.000693 3.39967 0.359824
C368 -0.000693 3.39967 0.359824
C369 -0.000024 3.39967 0.359824
C370 -0.000024 3.39967 0.359824
C371 -0.000693 3.39967 0.359824
C372 -0.000693 3.39967 0.359824
C373 -0.000024 3.39967 0.359824
C374 -0.000024 3.39967 0.359824
C375 -0.000693 3.39967 0.359824
C376 -0.000693 3.39967 0.359824
C377 -0.000024 3.39967 0.359824
C378 -0.000024 3.39967 0.359824
C379 -0.000694 3.39967 0.359824
C380 -0.000781 3.39967 0.359824
C381 -0.001275 3.39967 0.359824
C382 -0.015889 3.39967 0.359824
C383 -0.047004 3.39967 0.359824
C384 -0.091112 3.39967 0.359824
C385 -0.024332 3.39967 0.359824
C386 -0.010395 3.39967 0.359824
C387 -0.053112 3.39967 0.359824
C388 -0.053069 3.39967 0.359824
C389 -0.009175 3.39967 0.359824
C390 -0.009175 3.39967 0.359824
C391 -0.053068 3.39967 0.359824
C392 -0.053068 3.39967 0.359824
C393 -0.009175 3.39967 0.359824
C394 -0.009175 3.39967 0.359824
C395 -0.053068 3.39967 0.359824
C396 -0.053068 3.39967 0.359824
C397 -0.009175 3.39967 0.359824
C398 -0.009175 3.39967 0.359824
C399 -0.053068 3.39967 0.359824
C400 -0.053068 3.39967 0.359824
C401 -0.009175 3.39967 0.359824
C402 -0.009175 3.39967 0.359824
C403 -0.053068 3.39967 0.359824
C404 -0.053068 3.39967 0.359824
C405 -0.009175 3.39967 0.359824
C406 -0.009175 3.39967 0.359824
C407 -0.053068 3.39967 0.359824
C408 -0.053068 3.39967 0.359824
C409 -0.009175 3.39967 0.359824
C410 -0.009175 3.39967 0.359824
C411 -0.053069 3.39967 0.359824
C412 -0.053112 3.39967 0.359824
C413 -0.010395 3.39967 0.359824
C414 -0.024332 3.39967 0.359824
C415 -0.091112 3.39967 0.359824
#Water
O    -0.834000 3.15075 0.635968
H1   +0.417000 0.00000 0.000000
H2   +0.417000 0.00000 0.000000
